
------- iter 1 -------
x[0]=1.000000000000000e+00 f[0]=1.109765181769476e+01
x[1]=1.000000000000000e+00 f[1]=8.483627670417677e+00
x[2]=1.000000000000000e+00 f[2]=1.300000000000000e+01
iter=1 norm=9.999999230769289e+02 f[2]=1.300000000000000e+01 f_old[2]=0.000000000000000e+00 residue non-converged, df=1.300000000000000e+01, tol=1.300000100000000e-02
J = 
5.4030230587e+00 5.4030230587e-01 5.4030230587e-01 
-8.4147098481e-01 -8.4147098481e+00 -8.4147098481e-01 
1.0000000000e+00 1.0000000000e+00 2.0000000000e+01 
|J|_max = 2.200000000000000e+01
J^-1 = 
1.8772289899e-01 1.1508413359e-02 -4.5871559633e-03 
-1.7923291863e-02 -1.2053548728e-01 -4.5871559633e-03 
-8.4899803563e-03 5.4513536962e-03 5.0458715596e-02 
|J^-1|_max = 2.038184683120736e-01
x[0] new=-1.121283437689606e+00 old=1.000000000000000e+00 dx=-2.121283437689606e+00 f=1.109765181769476e+01
x[1] new=2.281117675233501e+00 old=1.000000000000000e+00 dx=1.281117675233501e+00 f=8.483627670417677e+00
x[2] new=3.920082881228052e-01 old=1.000000000000000e+00 dx=-6.079917118771948e-01 f=1.300000000000000e+01
[norm] |X|_max=2.121283437689606e+00 <= |F|_max=1.300000000000000e+01 * |J^-1|_norm=2.038184683120736e-01 = 2.649640088056957e+00 --> 1
iter=1 norm=2.119164273416190e+03 x[0]=1.000000000000000e+00 x_new[0]=-1.121283437689606e+00 delta non-converged, dx=-2.121283437689606e+00, tol=1.000001000000000e-03
[converge info] iter=1   dx_norm=2.119164273416190e+03 (id=0  ), f_norm=9.999999230769289e+02 (id=2  )
iter=1 nr_converge=0 delta_converge=0 f_converge=0

------- iter 2 -------
x[0]=-1.121283437689606e+00 f[0]=-6.866391217534916e+00
x[1]=2.281117675233501e+00 f[1]=-3.162103825420907e+00
x[2]=3.920082881228052e-01 f[2]=9.789255109093804e-01
iter=2 norm=9.999998543631111e+02 f[0]=-6.866391217534916e+00 f_old[0]=1.109765181769476e+01 residue non-converged, df=-1.796404303522968e+01, tol=6.866392217534917e-03
J = 
4.3452686493e+00 -6.5207743577e-01 9.2414366731e-01 
9.0065887197e-01 -7.5815237107e+00 -3.8204513106e-01 
2.2811176752e+00 -1.1212834377e+00 7.8401657625e+00 
|J|_max = 1.124256687537921e+01
J^-1 = 
2.4953231422e-01 -1.6989416256e-02 -3.0240997310e-02 
3.3063827464e-02 -1.3320697395e-01 -1.0388403136e-02 
-6.7873392796e-02 -1.4107854262e-02 1.3486129772e-01 
|J^-1|_max = 2.967627277835436e-01
x[0] new=5.679844387557804e-01 old=-1.121283437689606e+00 dx=1.689267876445386e+00 f=-6.866391217534916e+00
x[1] new=2.097102040695103e+00 old=2.281117675233501e+00 dx=-1.840156345383985e-01 f=-3.162103825420907e+00
x[2] new=-2.506666447830121e-01 old=3.920082881228052e-01 dx=-6.426749329058173e-01 f=9.789255109093804e-01
[norm] |X|_max=1.689267876445386e+00 <= |F|_max=6.866391217534916e+00 * |J^-1|_norm=2.967627277835436e-01 = 2.037688987744629e+00 --> 1
iter=2 norm=1.635270685958149e+03 x[2]=3.920082881228052e-01 x_new[2]=-2.506666447830121e-01 delta non-converged, dx=-6.426749329058173e-01, tol=3.920092881228052e-04
[converge info] iter=2   dx_norm=1.635270685958149e+03 (id=2  ), f_norm=9.999998543631111e+02 (id=0  )
iter=2 nr_converge=0 delta_converge=0 f_converge=0

------- iter 3 -------
x[0]=5.679844387557804e-01 f[0]=6.995959446560003e+00
x[1]=2.097102040695103e+00 f[1]=-1.211690224325073e+00
x[2]=-2.506666447830121e-01 f[2]=3.819458993665538e+00
iter=3 norm=9.999998570603695e+02 f[0]=6.995959446560003e+00 f_old[0]=-6.866391217534916e+00 residue non-converged, df=1.386235066409492e+01, tol=6.995960446560004e-03
J = 
8.4298692576e+00 -5.0234244260e-01 9.6874727586e-01 
-5.3793405078e-01 -8.6466876338e+00 2.4804982464e-01 
2.0971020407e+00 5.6798443876e-01 -5.0133328957e+00 
|J|_max = 9.900958976100171e+00
J^-1 = 
1.1293210034e-01 -5.1442130127e-03 2.1567816397e-02 
-5.6891165652e-03 -1.1576918161e-01 -6.8273625717e-03 
4.6595511064e-02 -1.5267893603e-02 -1.9121968237e-01 
|J^-1|_max = 2.530830870366486e-01
x[0] new=-3.106945383836766e-01 old=5.679844387557804e-01 dx=-8.786789771394570e-01 f=6.995959446560003e+00
x[1] new=2.022703315217312e+00 old=2.097102040695103e+00 dx=-7.439872547779135e-02 f=-1.211690224325073e+00
x[2] new=1.352088275859690e-01 old=-2.506666447830121e-01 dx=3.858754723689812e-01 f=3.819458993665538e+00
[norm] |X|_max=8.786789771394570e-01 <= |F|_max=6.995959446560003e+00 * |J^-1|_norm=2.530830870366486e-01 = 1.770559013518609e+00 --> 1
iter=3 norm=1.544293511894450e+03 x[0]=5.679844387557804e-01 x_new[0]=-3.106945383836766e-01 delta non-converged, dx=-8.786789771394570e-01, tol=5.679854387557804e-04
[converge info] iter=3   dx_norm=1.544293511894450e+03 (id=0  ), f_norm=9.999998570603695e+02 (id=0  )
iter=3 nr_converge=0 delta_converge=0 f_converge=0
converge order of each variable:
x0 = 2.870250533418780e+00 (dx=-8.786789771394570e-01 dx_old0=1.689267876445386e+00 dx_old1=-2.121283437689606e+00
x1 = 4.666823553915648e-01 (dx=-7.439872547779135e-02 dx_old0=-1.840156345383985e-01 dx_old1=1.281117675233501e+00
x2 = 9.195107836044713e+00 (dx=3.858754723689812e-01 dx_old0=-6.426749329058173e-01 dx_old1=-6.079917118771948e-01

------- iter 4 -------
x[0]=-3.106945383836766e-01 f[0]=-1.022786723372647e+00
x[1]=2.022703315217312e+00 f[1]=-4.238241750057218e-01
x[2]=1.352088275859690e-01 f[2]=1.554371397763148e+00
iter=4 norm=9.999993566535270e+02 f[2]=1.554371397763148e+00 f_old[2]=3.819458993665538e+00 residue non-converged, df=-2.265087595902390e+00, tol=1.554372397763148e-03
J = 
9.5212146528e+00 -4.3668188437e-01 9.9087320343e-01 
3.0571999503e-01 -8.9961599133e+00 -1.3479723560e-01 
2.0227033152e+00 -3.1069453838e-01 2.7041765517e+00 
|J|_max = 1.094876974055436e+01
J^-1 = 
1.1408382092e-01 -4.0869757950e-03 -4.2006692964e-02 
5.1467247641e-03 -1.1115188045e-01 -7.4265557320e-03 
-8.4742493369e-02 -9.7136936859e-03 4.0036575501e-01 
|J^-1|_max = 4.948219420669746e-01
x[0] new=-1.304492780866438e-01 old=-3.106945383836766e-01 dx=1.802452602970327e-01 f=-1.022786723372647e+00
x[1] new=1.992402088758066e+00 old=2.022703315217312e+00 dx=-3.030122645924517e-02 f=-4.238241750057218e-01
x[2] new=-5.778986459845989e-01 old=1.352088275859690e-01 dx=-7.131074735705679e-01 f=1.554371397763148e+00
[norm] |X|_max=7.131074735705679e-01 <= |F|_max=1.554371397763148e+00 * |J^-1|_norm=4.948219420669746e-01 = 7.691370737345188e-01 --> 1
iter=4 norm=5.235398367411142e+03 x[2]=1.352088275859690e-01 x_new[2]=-5.778986459845989e-01 delta non-converged, dx=-7.131074735705679e-01, tol=1.352098275859690e-04
[converge info] iter=4   dx_norm=5.235398367411142e+03 (id=2  ), f_norm=9.999993566535270e+02 (id=2  )
iter=4 nr_converge=0 delta_converge=0 f_converge=0
converge order of each variable:
x0 = 2.423540818936889e+00 (dx=1.802452602970327e-01 dx_old0=-8.786789771394570e-01 dx_old1=1.689267876445386e+00
x1 = 9.919043312670549e-01 (dx=-3.030122645924517e-02 dx_old0=-7.439872547779135e-02 dx_old1=-1.840156345383985e-01
x2 = 1.203858326330467e+00 (dx=-7.131074735705679e-01 dx_old0=3.858754723689812e-01 dx_old1=-6.426749329058173e-01

------- iter 5 -------
x[0]=-1.304492780866438e-01 f[0]=6.537180767795059e-02
x[1]=1.992402088758066e+00 f[1]=-2.631453557432966e-01
x[2]=-5.778986459845989e-01 f[2]=5.079761036171517e+00
iter=5 norm=9.999998031403848e+02 f[2]=5.079761036171517e+00 f_old[2]=1.554371397763148e+00 residue non-converged, df=3.525389638408368e+00, tol=5.079762036171517e-03
J = 
9.9150355186e+00 -4.0922613022e-01 8.3761239459e-01 
1.3007961655e-01 -9.1243299718e+00 5.4626502399e-01 
1.9924020888e+00 -1.3044927809e-01 -1.1557972920e+01 
|J|_max = 1.368082428653669e+01
J^-1 = 
9.9510972270e-02 -4.5630864401e-03 6.9959472833e-03 
2.4440073985e-03 -1.0963515259e-01 -5.0045729275e-03 
1.7126450406e-02 4.5079907960e-04 -8.5257892880e-02 
|J^-1|_max = 1.170837329185783e-01
x[0] new=-1.736929856529732e-01 old=-1.304492780866438e-01 dx=-4.324370756632943e-02 f=6.537180767795059e-02
x[1] new=1.988814372905557e+00 old=1.992402088758066e+00 dx=-3.587715852509369e-03 f=-2.631453557432966e-01
x[2] new=-1.458098850458208e-01 old=-5.778986459845989e-01 dx=4.320887609387782e-01 f=5.079761036171517e+00
[norm] |X|_max=4.320887609387782e-01 <= |F|_max=5.079761036171517e+00 * |J^-1|_norm=1.170837329185783e-01 = 5.947573844493065e-01 --> 1
iter=5 norm=7.463979470946516e+02 x[2]=-5.778986459845989e-01 x_new[2]=-1.458098850458208e-01 delta non-converged, dx=4.320887609387782e-01, tol=5.778996459845990e-04
[converge info] iter=5   dx_norm=7.463979470946516e+02 (id=2  ), f_norm=9.999998031403848e+02 (id=2  )
iter=5 nr_converge=0 delta_converge=0 f_converge=0
converge order of each variable:
x0 = 9.011209667605665e-01 (dx=-4.324370756632943e-02 dx_old0=1.802452602970327e-01 dx_old1=-8.786789771394570e-01
x1 = 2.375364279341251e+00 (dx=-3.587715852509369e-03 dx_old0=-3.030122645924517e-02 dx_old1=-7.439872547779135e-02
x2 = 8.158066868029816e-01 (dx=4.320887609387782e-01 dx_old0=-7.131074735705679e-01 dx_old1=3.858754723689812e-01

------- iter 6 -------
x[0]=-1.736929856529732e-01 f[0]=4.039216523173939e-02
x[1]=1.988814372905557e+00 f[1]=-8.515771328901689e-02
x[2]=-1.458098850458208e-01 f[2]=1.867162119431243e+00
iter=6 norm=9.999994644281533e+02 f[2]=1.867162119431243e+00 f_old[2]=5.079761036171517e+00 residue non-converged, df=-3.212598916740274e+00, tol=1.867163119431243e-03
J = 
9.8495325958e+00 -4.0594995320e-01 9.8938855911e-01 
1.7282093753e-01 -9.1389530883e+00 1.4529376827e-01 
1.9888143729e+00 -1.7369298565e-01 -2.9161977009e+00 
|J|_max = 1.124487110807464e+01
J^-1 = 
9.5143258333e-02 -4.8351594859e-03 3.2038682666e-02 
2.8281026952e-03 -1.0946193108e-01 -4.4942234176e-03 
6.4718197260e-02 3.2221872133e-03 -3.2079457166e-01 
|J^-1|_max = 3.887349561337354e-01
x[0] new=-2.377691936190811e-01 old=-1.736929856529732e-01 dx=-6.407620796610787e-02 f=4.039216523173939e-02
x[1] new=1.987770055693076e+00 old=1.988814372905557e+00 dx=-1.044317212481626e-03 f=-8.515771328901689e-02
x[2] new=4.508258732550657e-01 old=-1.458098850458208e-01 dx=5.966357583008864e-01 f=1.867162119431243e+00
[norm] |X|_max=5.966357583008864e-01 <= |F|_max=1.867162119431243e+00 * |J^-1|_norm=3.887349561337354e-01 = 7.258311845916767e-01 --> 1
iter=6 norm=4.064002625672452e+03 x[2]=-1.458098850458208e-01 x_new[2]=4.508258732550657e-01 delta non-converged, dx=5.966357583008864e-01, tol=1.458108850458207e-04
[converge info] iter=6   dx_norm=4.064002625672452e+03 (id=2  ), f_norm=9.999994644281533e+02 (id=2  )
iter=6 nr_converge=0 delta_converge=0 f_converge=0
converge order of each variable:
x0 = 2.754679869758764e-01 (dx=-6.407620796610787e-02 dx_old0=-4.324370756632943e-02 dx_old1=1.802452602970327e-01
x1 = 5.784170224227762e-01 (dx=-1.044317212481626e-03 dx_old0=-3.587715852509369e-03 dx_old1=-3.030122645924517e-02
x2 = 6.440619944149262e-01 (dx=5.966357583008864e-01 dx_old0=4.320887609387782e-01 dx_old1=-7.131074735705679e-01

------- iter 7 -------
x[0]=-2.377691936190811e-01 f[0]=-5.323906293662251e-03
x[1]=1.987770055693076e+00 f[1]=-1.779999591279994e-01
x[2]=4.508258732550657e-01 f[2]=3.559809196719627e+00
iter=7 norm=9.999997190861466e+02 f[2]=3.559809196719627e+00 f_old[2]=1.867162119431243e+00 residue non-converged, df=1.692647077288384e+00, tol=3.559810196719627e-03
J = 
9.7186582602e+00 -4.0499533541e-01 9.0008756891e-01 
2.3553516981e-01 -9.1431875093e+00 -4.3570904087e-01 
1.9877700557e+00 -2.3776919362e-01 9.0165174651e+00 
|J|_max = 1.124205671441347e+01
J^-1 = 
1.0519210885e-01 -4.3808762041e-03 -1.0712661209e-02 
3.8101572522e-03 -1.0939245841e-01 -5.6665734311e-03 
-2.3090044117e-02 -1.9189207091e-03 1.1311983529e-01 
|J^-1|_max = 1.381288001196734e-01
x[0] new=-1.998539265791212e-01 old=-2.377691936190811e-01 dx=3.791526703995988e-02 f=-5.323906293662251e-03
x[1] new=1.988490407701904e+00 old=1.987770055693076e+00 dx=7.203520088283969e-04 f=-1.779999591279994e-01
x[2] new=4.767634620669103e-02 old=4.508258732550657e-01 dx=-4.031495270483746e-01 f=3.559809196719627e+00
[norm] |X|_max=4.031495270483746e-01 <= |F|_max=3.559809196719627e+00 * |J^-1|_norm=1.381288001196734e-01 = 4.917121729978603e-01 --> 1
iter=7 norm=8.922674661014551e+02 x[2]=4.508258732550657e-01 x_new[2]=4.767634620669103e-02 delta non-converged, dx=-4.031495270483746e-01, tol=4.508268732550657e-04
[converge info] iter=7   dx_norm=8.922674661014551e+02 (id=2  ), f_norm=9.999997190861466e+02 (id=2  )
iter=7 nr_converge=0 delta_converge=0 f_converge=0
converge order of each variable:
x0 = 1.334411811274310e+00 (dx=3.791526703995988e-02 dx_old0=-6.407620796610787e-02 dx_old1=-4.324370756632943e-02
x1 = 3.009179042715891e-01 (dx=7.203520088283969e-04 dx_old0=-1.044317212481626e-03 dx_old1=-3.587715852509369e-03
x2 = 1.214839506697157e+00 (dx=-4.031495270483746e-01 dx_old0=5.966357583008864e-01 dx_old1=4.320887609387782e-01

------- iter 8 -------
x[0]=-1.998539265791212e-01 f[0]=-2.357660885575218e-02
x[1]=1.988490407701904e+00 f[1]=-7.757933023929320e-02
x[2]=4.767634620669103e-02 f[2]=1.625322723932060e+00
iter=8 norm=9.999993847379538e+02 f[2]=1.625322723932060e+00 f_old[2]=3.559809196719627e+00 residue non-converged, df=-1.934486472787567e+00, tol=1.625323723932060e-03
J = 
9.8009558769e+00 -4.0565386162e-01 9.9886369827e-01 
1.9852616700e-01 -9.1402677453e+00 -4.7658286600e-02 
1.9884904077e+00 -1.9985392658e-01 9.5352692413e-01 
|J|_max = 1.120547343682704e+01
J^-1 = 
1.2967597176e-01 -2.7818981462e-03 -1.3598063981e-01 
4.2219756852e-03 -1.0937712474e-01 -9.8895000933e-03 
-2.6954209789e-01 -1.7123449443e-02 1.3302400912e+00 
|J^-1|_max = 1.616905638489981e+00
x[0] new=2.399999919503892e-02 old=-1.998539265791212e-01 dx=2.238539257741602e-01 f=-2.357660885575218e-02
x[1] new=1.996178172720489e+00 old=1.988490407701904e+00 dx=7.687765018585548e-03 f=-7.757933023929320e-02
x[2] new=-2.122076416584149e+00 old=4.767634620669103e-02 dx=-2.169752762790840e+00 f=1.625322723932060e+00
[norm] |X|_max=2.169752762790840e+00 <= |F|_max=1.625322723932060e+00 * |J^-1|_norm=1.616905638489981e+00 = 2.627993476691642e+00 --> 1
iter=8 norm=4.457509513096089e+04 x[2]=4.767634620669103e-02 x_new[2]=-2.122076416584149e+00 delta non-converged, dx=-2.169752762790840e+00, tol=4.767734620669104e-05
[converge info] iter=8   dx_norm=4.457509513096089e+04 (id=2  ), f_norm=9.999993847379538e+02 (id=2  )
iter=8 nr_converge=0 delta_converge=0 f_converge=0
converge order of each variable:
x0 = 3.383980675057940e+00 (dx=2.238539257741602e-01 dx_old0=3.791526703995988e-02 dx_old1=-6.407620796610787e-02
x1 = 6.375288103429135e+00 (dx=7.687765018585548e-03 dx_old0=7.203520088283969e-04 dx_old1=-1.044317212481626e-03
x2 = 4.293530798575657e+00 (dx=-2.169752762790840e+00 dx_old0=-4.031495270483746e-01 dx_old1=5.966357583008864e-01

------- iter 9 -------
x[0]=2.399999919503892e-02 f[0]=1.299003438974434e+00
x[1]=1.996178172720489e+00 f[1]=-1.650752375517158e+00
x[2]=-2.122076416584149e+00 f[2]=4.707999145276469e+01
iter=9 norm=9.999999787595548e+02 f[2]=4.707999145276469e+01 f_old[2]=1.625322723932058e+00 residue non-converged, df=4.545466872883263e+01, tol=4.707999245276469e-02
J = 
9.9971201384e+00 -4.1266862810e-01 -5.2377810832e-01 
-2.3997695262e-02 -9.1088122353e+00 8.5185473717e-01 
1.9961781727e+00 2.3999999195e-02 -4.2441528332e+01 
|J|_max = 4.446170650359852e+01
J^-1 = 
1.0028323547e-01 -4.5467660386e-03 -1.3288717390e-03 
1.7691075628e-04 -1.0979762484e-01 -2.2059594108e-03 
4.7167823464e-03 -2.7593959244e-04 -2.3625577287e-02 
|J^-1|_max = 1.121804950063990e-01
x[0] new=-5.121058327662097e-02 old=2.399999919503892e-02 dx=-7.521058247165989e-02 f=1.299003438974434e+00
x[1] new=1.918556225214315e+00 old=1.996178172720489e+00 dx=-7.762194750617432e-02 f=-1.650752375517158e+00
x[2] new=-1.016367064266426e+00 old=-2.122076416584149e+00 dx=1.105709352317723e+00 f=4.707999145276469e+01
[norm] |X|_max=1.105709352317723e+00 <= |F|_max=4.707999145276469e+01 * |J^-1|_norm=1.121804950063990e-01 = 5.281456746068178e+00 --> 1
iter=9 norm=3.008423395732945e+03 x[0]=2.399999919503892e-02 x_new[0]=-5.121058327662097e-02 delta non-converged, dx=-7.521058247165989e-02, tol=2.400099919503892e-05
[converge info] iter=9   dx_norm=3.008423395732945e+03 (id=0  ), f_norm=9.999999787595548e+02 (id=2  )
iter=9 nr_converge=0 delta_converge=0 f_converge=0
converge order of each variable:
x0 = 6.142584411584793e-01 (dx=-7.521058247165989e-02 dx_old0=2.238539257741602e-01 dx_old1=3.791526703995988e-02
x1 = 9.765905474697246e-01 (dx=-7.762194750617432e-02 dx_old0=7.687765018585548e-03 dx_old1=7.203520088283969e-04
x2 = 4.005357850516800e-01 (dx=1.105709352317723e+00 dx_old0=-2.169752762790840e+00 dx_old1=-4.031495270483746e-01

------- iter 10 -------
x[0]=-5.121058327662097e-02 f[0]=5.780554059420400e-01
x[1]=1.918556225214315e+00 f[1]=1.172205832321812e-01
x[2]=-1.016367064266426e+00 f[2]=1.223176970991332e+01
iter=10 norm=9.999999182456879e+02 f[2]=1.223176970991332e+01 f_old[2]=4.707999145276469e+01 residue non-converged, df=-3.484822174285137e+01, tol=1.223177070991332e-02
J = 
9.9868902462e+00 -3.4079265858e-01 5.2645814438e-01 
5.1188202716e-02 -9.4013848121e+00 8.5020104812e-01 
1.9185562252e+00 -5.1210583277e-02 -2.0327341285e+01 
|J|_max = 2.229710809381945e+01
J^-1 = 
9.9683036050e-02 -3.6266666612e-03 2.4300054638e-03 
1.3932662711e-03 -1.0639377040e-01 -4.4138875554e-03 
9.4048777309e-03 -7.4258450193e-05 -4.8954353949e-02 
|J^-1|_max = 1.122009242281119e-01
x[0] new=-1.381310483917259e-01 old=-5.121058327662097e-02 dx=-8.692046511510493e-02 f=5.780554059420400e-01
x[1] new=1.984212036035674e+00 old=1.918556225214315e+00 dx=6.565581082135850e-02 f=1.172205832321812e-01
x[2] new=-4.229965162545141e-01 old=-1.016367064266426e+00 dx=5.933705480119119e-01 f=1.223176970991332e+01
[norm] |X|_max=5.933705480119119e-01 <= |F|_max=1.223176970991332e+01 * |J^-1|_norm=1.122009242281119e-01 = 1.372415866397698e+00 --> 1
iter=10 norm=1.664805479275817e+03 x[0]=-5.121058327662097e-02 x_new[0]=-1.381310483917259e-01 delta non-converged, dx=-8.692046511510493e-02, tol=5.121158327662097e-05
[converge info] iter=10  dx_norm=1.664805479275817e+03 (id=0  ), f_norm=9.999999182456879e+02 (id=2  )
iter=10 nr_converge=0 delta_converge=0 f_converge=0
converge order of each variable:
x0 = 1.326683096439923e-01 (dx=-8.692046511510493e-02 dx_old0=-7.521058247165989e-02 dx_old1=2.238539257741602e-01
x1 = 7.240837766549117e-02 (dx=6.565581082135850e-02 dx_old0=-7.762194750617432e-02 dx_old1=7.687765018585548e-03
x2 = 9.233038678587007e-01 (dx=5.933705480119119e-01 dx_old0=1.105709352317723e+00 dx_old1=-2.169752762790840e+00

------- iter 11 -------
x[0]=-1.381310483917259e-01 f[0]=1.283371753693886e-01
x[1]=1.984212036035674e+00 f[1]=-1.150580986899226e-01
x[2]=-4.229965162545141e-01 f[2]=3.515179238865465e+00
iter=11 norm=9.999997155195661e+02 f[2]=3.515179238865465e+00 f_old[2]=1.223176970991332e+01 residue non-converged, df=-8.716590471047851e+00, tol=3.515180238865465e-03
J = 
9.9047506599e+00 -4.0173961466e-01 9.1186298196e-01 
1.3769220623e-01 -9.1575394185e+00 4.1049470415e-01 
1.9842120360e+00 -1.3813104839e-01 -8.4599303251e+00 
|J|_max = 1.121835325649339e+01
J^-1 = 
9.8931693067e-02 -4.4976699854e-03 1.0445225379e-02 
2.5258071888e-03 -1.0923460330e-01 -5.0280598607e-03 
2.3162432337e-02 7.2865367906e-04 -1.1567233881e-01 
|J^-1|_max = 1.395634248299819e-01
x[0] new=-1.880619951905078e-01 old=-1.381310483917259e-01 dx=-4.993094679878193e-02 f=1.283371753693886e-01
x[1] new=1.988994086942335e+00 old=1.984212036035674e+00 dx=4.782050906661030e-03 f=-1.150580986899226e-01
x[2] new=-1.927627597995635e-02 old=-4.229965162545141e-01 dx=4.037202402745577e-01 f=3.515179238865465e+00
[norm] |X|_max=4.037202402745577e-01 <= |F|_max=3.515179238865465e+00 * |J^-1|_norm=1.395634248299819e-01 = 4.905904534673133e-01 --> 1
iter=11 norm=9.521782014647849e+02 x[2]=-4.229965162545141e-01 x_new[2]=-1.927627597995635e-02 delta non-converged, dx=4.037202402745577e-01, tol=4.229975162545141e-04
[converge info] iter=11  dx_norm=9.521782014647849e+02 (id=2  ), f_norm=9.999997155195661e+02 (id=2  )
iter=11 nr_converge=0 delta_converge=0 f_converge=0
converge order of each variable:
x0 = 3.831005800022857e+00 (dx=-4.993094679878193e-02 dx_old0=-8.692046511510493e-02 dx_old1=-7.521058247165989e-02
x1 = 1.564623304612348e+01 (dx=4.782050906661030e-03 dx_old0=6.565581082135850e-02 dx_old1=-7.762194750617432e-02
x2 = 6.187058257234744e-01 (dx=4.037202402745577e-01 dx_old0=5.933705480119119e-01 dx_old1=1.105709352317723e+00

------- iter 12 -------
x[0]=-1.880619951905078e-01 f[0]=2.499313119402774e-02
x[1]=1.988994086942335e+00 f[1]=-7.895924602092674e-02
x[2]=-1.927627597995635e-02 f[2]=1.629661551744056e+00
iter=12 norm=9.999993863760329e+02 f[2]=1.629661551744056e+00 f_old[2]=3.515179238865465e+00 residue non-converged, df=-1.885517687121409e+00, tol=1.629662551744057e-03
J = 
9.8236840020e+00 -4.0611418646e-01 9.9981421834e-01 
1.8695541257e-01 -9.1382233917e+00 1.9275082239e-02 
1.9889940869e+00 -1.8806199519e-01 -3.8552551960e-01 
|J|_max = 1.122961240679145e+01
J^-1 = 
6.6872110334e-02 -6.5341901244e-03 1.7309811226e-01 
2.0936692124e-03 -1.0952255757e-01 -4.6108639260e-05 
3.4398369416e-01 1.9714817277e-02 -1.7007958582e+00 
|J^-1|_max = 2.064494369659999e+00
x[0] new=-4.723406115716198e-01 old=-1.880619951905078e-01 dx=-2.842786163811119e-01 f=2.499313119402774e-02
x[1] new=1.980369082501752e+00 old=1.988994086942335e+00 dx=-8.625004440582550e-03 f=-7.895924602092674e-02
x[2] new=2.745404779037584e+00 old=-1.927627597995635e-02 dx=2.764681055017540e+00 f=1.629661551744056e+00
[norm] |X|_max=2.764681055017540e+00 <= |F|_max=1.629661551744056e+00 * |J^-1|_norm=2.064494369659999e+00 = 3.364427098026982e+00 --> 1
iter=12 norm=1.363505338825780e+05 x[2]=-1.927627597995635e-02 x_new[2]=2.745404779037584e+00 delta non-converged, dx=2.764681055017540e+00, tol=1.927727597995635e-05
[converge info] iter=12  dx_norm=1.363505338825780e+05 (id=2  ), f_norm=9.999993863760329e+02 (id=2  )
iter=12 nr_converge=0 delta_converge=0 f_converge=0
converge order of each variable:
x0 = 3.137559138868926e+00 (dx=-2.842786163811119e-01 dx_old0=-4.993094679878193e-02 dx_old1=-8.692046511510493e-02
x1 = 2.251510673789714e-01 (dx=-8.625004440582550e-03 dx_old0=4.782050906661030e-03 dx_old1=6.565581082135850e-02
x2 = 4.996036946876344e+00 (dx=2.764681055017540e+00 dx_old0=4.037202402745577e-01 dx_old1=5.933705480119119e-01

------- iter 13 -------
x[0]=-4.723406115716198e-01 f[0]=-2.246523215804352e+00
x[1]=1.980369082501752e+00 f[1]=-2.014207563128622e+00
x[2]=2.745404779037584e+00 f[2]=7.643706526405765e+01
iter=13 norm=9.999999869173420e+02 f[2]=7.643706526405765e+01 f_old[2]=1.629661551744050e+00 residue non-converged, df=7.480740371231360e+01, tol=7.643706626405765e-02
J = 
8.9050581607e+00 -3.9821745698e-01 -9.2253880942e-01 
4.5497185797e-01 -9.1729104267e+00 -3.8590432119e-01 
1.9803690825e+00 -4.7234061157e-01 5.4908095581e+01 
|J|_max = 5.736080527482505e+01
J^-1 = 
1.1213807694e-01 -4.9633968275e-03 1.8492051243e-03 
5.7300712185e-03 -1.0923083607e-01 -6.7142082011e-04 
-3.9951892865e-03 -7.6063104806e-04 1.8139779599e-02 
|J^-1|_max = 1.189506788960831e-01
x[0] new=-3.717649425391070e-01 old=-4.723406115716198e-01 dx=1.005756690325127e-01 f=-2.246523215804352e+00
x[1] new=1.824549681436733e+00 old=1.980369082501752e+00 dx=-1.558194010650189e-01 f=-2.014207563128622e+00
x[2] new=1.348345907676065e+00 old=2.745404779037584e+00 dx=-1.397058871361519e+00 f=7.643706526405765e+01
[norm] |X|_max=1.397058871361519e+00 <= |F|_max=7.643706526405765e+01 * |J^-1|_norm=1.189506788960831e-01 = 9.092240805983870e+00 --> 1
iter=13 norm=5.086864405512312e+02 x[2]=2.745404779037584e+00 x_new[2]=1.348345907676065e+00 delta non-converged, dx=-1.397058871361519e+00, tol=2.745405779037584e-03
[converge info] iter=13  dx_norm=5.086864405512312e+02 (id=2  ), f_norm=9.999999869173420e+02 (id=2  )
iter=13 nr_converge=0 delta_converge=0 f_converge=0
converge order of each variable:
x0 = 5.973875574377883e-01 (dx=1.005756690325127e-01 dx_old0=-2.842786163811119e-01 dx_old1=-4.993094679878193e-02
x1 = 4.906836182990016e+00 (dx=-1.558194010650189e-01 dx_old0=-8.625004440582550e-03 dx_old1=4.782050906661030e-03
x2 = 3.547665372307651e-01 (dx=-1.397058871361519e+00 dx_old0=2.764681055017540e+00 dx_old1=4.037202402745577e-01

------- iter 14 -------
x[0]=-3.717649425391070e-01 f[0]=-6.892669506815452e-01
x[1]=1.824549681436733e+00 f[1]=6.419191868327372e-01
x[2]=1.348345907676065e+00 f[2]=1.950206325998884e+01
iter=14 norm=9.999999487233770e+02 f[2]=1.950206325998884e+01 f_old[2]=7.643706526405765e+01 residue non-converged, df=-5.693500200406881e+01, tol=1.950206425998884e-02
J = 
9.3168766337e+00 -2.5103887998e-01 2.2062032327e-01 
3.6326037208e-01 -9.6797700424e+00 -9.7535976591e-01 
1.8245496814e+00 -3.7176494254e-01 2.6966918154e+01 
|J|_max = 2.916323277749714e+01
J^-1 = 
1.0763141768e-01 -2.7537107010e-03 -9.8014673519e-04 
4.7663237737e-03 -1.0328687644e-01 -3.7747513802e-03 
-7.2165056326e-03 -1.2375962842e-03 3.7096749450e-02 
|J^-1|_max = 1.118279515953818e-01
x[0] new=-2.766956201130530e-01 old=-3.717649425391070e-01 dx=9.506932242605405e-02 f=-6.892669506815452e-01
x[1] new=1.967752218833247e+00 old=1.824549681436733e+00 dx=1.432025373965137e-01 f=6.419191868327372e-01
x[2] new=6.207030911280127e-01 old=1.348345907676065e+00 dx=-7.276428165480522e-01 f=1.950206325998884e+01
[norm] |X|_max=7.276428165480522e-01 <= |F|_max=1.950206325998884e+01 * |J^-1|_norm=1.118279515953818e-01 = 2.180875786248105e+00 --> 1
iter=14 norm=5.392559553548787e+02 x[2]=1.348345907676065e+00 x_new[2]=6.207030911280127e-01 delta non-converged, dx=-7.276428165480522e-01, tol=1.348346907676065e-03
[converge info] iter=14  dx_norm=5.392559553548787e+02 (id=2  ), f_norm=9.999999487233770e+02 (id=2  )
iter=14 nr_converge=0 delta_converge=0 f_converge=0
converge order of each variable:
x0 = 5.418828393865082e-02 (dx=9.506932242605405e-02 dx_old0=1.005756690325127e-01 dx_old1=-2.842786163811119e-01
x1 = 2.917648196573005e-02 (dx=1.432025373965137e-01 dx_old0=-1.558194010650189e-01 dx_old1=-8.625004440582550e-03
x2 = 9.556932385423546e-01 (dx=-7.276428165480522e-01 dx_old0=-1.397058871361519e+00 dx_old1=2.764681055017540e+00

------- iter 15 -------
x[0]=-2.766956201130530e-01 f[0]=-2.279351296043286e-01
x[1]=1.967752218833247e+00 f[1]=-9.069422372803626e-02
x[2]=6.207030911280127e-01 f[2]=5.308254852939799e+00
iter=15 norm=9.999998116142048e+02 f[2]=5.308254852939799e+00 f_old[2]=1.950206325998884e+01 residue non-converged, df=-1.419380840704904e+01, tol=5.308255852939799e-03
J = 
9.6196337385e+00 -3.8661273324e-01 8.1346973486e-01 
2.7317845333e-01 -9.2224215610e+00 -5.8160724760e-01 
1.9677522188e+00 -2.7669562011e-01 1.2414061823e+01 
|J|_max = 1.465850966150655e+01
J^-1 = 
1.0552850221e-01 -4.2104677079e-03 -7.1123442521e-03 
4.1749035833e-03 -1.0844576386e-01 -5.3543313136e-03 
-1.6634262805e-02 -1.7497343752e-03 8.1561847011e-02 
|J^-1|_max = 1.179749987610400e-01
x[0] new=-2.152696964933422e-01 old=-2.766956201130530e-01 dx=6.142592361971076e-02 f=-2.279351296043286e-01
x[1] new=1.987290576832124e+00 old=1.967752218833247e+00 dx=1.953835799887713e-02 f=-9.069422372803626e-02
x[2] new=1.838017972664603e-01 old=6.207030911280127e-01 dx=-4.369012938615524e-01 f=5.308254852939799e+00
[norm] |X|_max=4.369012938615524e-01 <= |F|_max=5.308254852939799e+00 * |J^-1|_norm=1.179749987610400e-01 = 6.262413596988575e-01 --> 1
iter=15 norm=7.027491098183901e+02 x[2]=6.207030911280127e-01 x_new[2]=1.838017972664603e-01 delta non-converged, dx=-4.369012938615524e-01, tol=6.207040911280127e-04
[converge info] iter=15  dx_norm=7.027491098183901e+02 (id=2  ), f_norm=9.999998116142048e+02 (id=2  )
iter=15 nr_converge=0 delta_converge=0 f_converge=0
converge order of each variable:
x0 = 7.757425966352867e+00 (dx=6.142592361971076e-02 dx_old0=9.506932242605405e-02 dx_old1=1.005756690325127e-01
x1 = 2.358994730764687e+01 (dx=1.953835799887713e-02 dx_old0=1.432025373965137e-01 dx_old1=-1.558194010650189e-01
x2 = 7.819897024444106e-01 (dx=-4.369012938615524e-01 dx_old0=-7.276428165480522e-01 dx_old1=-1.397058871361519e+00

------- iter 16 -------
x[0]=-2.152696964933422e-01 f[0]=-3.882759907667391e-02
x[1]=1.987290576832124e+00 f[1]=-8.549415370513314e-02
x[2]=1.838017972664603e-01 f[2]=1.910027567465079e+00
iter=16 norm=9.999994764476212e+02 f[2]=1.910027567465079e+00 f_old[2]=5.308254852939799e+00 residue non-converged, df=-3.398227285474719e+00, tol=1.910028567465079e-03
J = 
9.7691881962e+00 -4.0455689235e-01 9.8315595022e-01 
2.1361090765e-01 -9.1451283252e+00 -1.8276864486e-01 
1.9872905768e+00 -2.1526969649e-01 3.6760359453e+00 
|J|_max = 1.115690103881117e+01
J^-1 = 
1.0839112681e-01 -4.1077513908e-03 -2.9193443978e-02 
3.6985413402e-03 -1.0936017684e-01 -6.4264481087e-03 
-5.8380408746e-02 -4.1834836966e-03 2.8743800450e-01 
|J^-1|_max = 3.500018969408356e-01
x[0] new=-1.556520352194971e-01 old=-2.152696964933422e-01 dx=5.961766127384516e-02 f=-3.882759907667391e-02
x[1] new=1.990359219593121e+00 old=1.987290576832124e+00 dx=3.068642760997156e-03 f=-8.549415370513314e-02
x[2] new=-3.678371497650961e-01 old=1.838017972664603e-01 dx=-5.516389470315564e-01 f=1.910027567465079e+00
[norm] |X|_max=5.516389470315564e-01 <= |F|_max=1.910027567465079e+00 * |J^-1|_norm=3.500018969408356e-01 = 6.685132718220677e-01 --> 1
iter=16 norm=2.985030206368417e+03 x[2]=1.838017972664603e-01 x_new[2]=-3.678371497650961e-01 delta non-converged, dx=-5.516389470315564e-01, tol=1.838027972664603e-04
[converge info] iter=16  dx_norm=2.985030206368417e+03 (id=2  ), f_norm=9.999994764476212e+02 (id=2  )
iter=16 nr_converge=0 delta_converge=0 f_converge=0
converge order of each variable:
x0 = 6.841082239842079e-02 (dx=5.961766127384516e-02 dx_old0=6.142592361971076e-02 dx_old1=9.506932242605405e-02
x1 = 9.293450941566901e-01 (dx=3.068642760997156e-03 dx_old0=1.953835799887713e-02 dx_old1=1.432025373965137e-01
x2 = 4.571360220234013e-01 (dx=-5.516389470315564e-01 dx_old0=-4.369012938615524e-01 dx_old1=-7.276428165480522e-01

------- iter 17 -------
x[0]=-1.556520352194971e-01 f[0]=3.426137359017534e-03
x[1]=1.990359219593121e+00 f[1]=-1.525950198318939e-01
x[2]=-3.678371497650961e-01 f[2]=3.043238224125538e+00
iter=17 norm=9.999996714027633e+02 f[2]=3.043238224125538e+00 f_old[2]=1.910027567465079e+00 residue non-converged, df=1.133210656660459e+00, tol=3.043239224125538e-03
J = 
9.8791065949e+00 -4.0736129637e-01 9.3310728434e-01 
1.5502428474e-01 -9.1326708811e+00 3.5959810331e-01 
1.9903592196e+00 -1.5565203522e-01 -7.3567429953e+00 
|J|_max = 1.121957517563825e+01
J^-1 = 
9.8816496503e-02 -4.6174623326e-03 1.2307887072e-02 
2.7277836973e-03 -1.0953331170e-01 -5.0080118773e-03 
2.6676987344e-02 1.0682273624e-03 -1.3249387356e-01 
|J^-1|_max = 1.602390882688073e-01
x[0] new=-1.941510282614130e-01 old=-1.556520352194971e-01 dx=-3.849899304191590e-02 f=3.426137359017534e-03
x[1] new=1.988876209132389e+00 old=1.990359219593121e+00 dx=-1.483010460732482e-03 f=-1.525950198318939e-01
x[2] new=3.544487787548140e-02 old=-3.678371497650961e-01 dx=4.032820276405775e-01 f=3.043238224125538e+00
[norm] |X|_max=4.032820276405775e-01 <= |F|_max=3.043238224125538e+00 * |J^-1|_norm=1.602390882688073e-01 = 4.876457184186603e-01 --> 1
iter=17 norm=1.093387767195952e+03 x[2]=-3.678371497650961e-01 x_new[2]=3.544487787548140e-02 delta non-converged, dx=4.032820276405775e-01, tol=3.678381497650961e-04
[converge info] iter=17  dx_norm=1.093387767195952e+03 (id=2  ), f_norm=9.999996714027633e+02 (id=2  )
iter=17 nr_converge=0 delta_converge=0 f_converge=0
converge order of each variable:
x0 = 1.463582295940994e+01 (dx=-3.849899304191590e-02 dx_old0=5.961766127384516e-02 dx_old1=6.142592361971076e-02
x1 = 3.928171734760740e-01 (dx=-1.483010460732482e-03 dx_old0=3.068642760997156e-03 dx_old1=1.953835799887713e-02
x2 = 1.343378264953452e+00 (dx=4.032820276405775e-01 dx_old0=-5.516389470315564e-01 dx_old1=-4.369012938615524e-01

------- iter 18 -------
x[0]=-1.941510282614130e-01 f[0]=1.997182633118363e-02
x[1]=1.988876209132389e+00 f[1]=-7.948092821699737e-02
x[2]=3.544487787548140e-02 f[2]=1.626421032588363e+00
iter=18 norm=9.999993851534350e+02 f[2]=1.626421032588363e+00 f_old[2]=3.043238224125538e+00 residue non-converged, df=-1.416817191537175e+00, tol=1.626422032588363e-03
J = 
9.8121181830e+00 -4.0600646426e-01 9.9937189608e-01 
1.9293358349e-01 -9.1387020467e+00 -3.5437456542e-02 
1.9888762091e+00 -1.9415102826e-01 7.0889755751e-01 
|J|_max = 1.121749654329256e+01
J^-1 = 
1.4277429321e-01 -2.0647519775e-03 -2.0137999372e-01 
4.5626523237e-03 -1.0937462467e-01 -1.1899808263e-02 
-3.9931658448e-01 -2.4162390712e-02 1.9723717534e+00 
|J^-1|_max = 2.395850728598927e+00
x[0] new=1.303620572740667e-01 old=-1.941510282614130e-01 dx=3.245130855354797e-01 f=1.997182633118363e-02
x[1] new=1.999445986383103e+00 old=1.988876209132389e+00 dx=1.056977725071402e-02 f=-7.948092821699737e-02
x[2] new=-3.166407393719453e+00 old=3.544487787548140e-02 dx=-3.201852271594934e+00 f=1.626421032588363e+00
[norm] |X|_max=3.201852271594934e+00 <= |F|_max=1.626421032588363e+00 * |J^-1|_norm=2.395850728598927e+00 = 3.896662015935449e+00 --> 1
[damped] change x2 from -3.201852271594934e+00 to -3.000000000000000e+00
iter=18 norm=8.231609419161412e+04 x[2]=3.544487787548140e-02 x_new[2]=-2.964555122124519e+00 delta non-converged, dx=-3.000000000000000e+00, tol=3.544587787548140e-05
[converge info] iter=18  dx_norm=8.231609419161412e+04 (id=2  ), f_norm=9.999993851534350e+02 (id=2  )
iter=18 nr_converge=0 delta_converge=0 f_converge=0
converge order of each variable:
x0 = 4.874450918355187e+00 (dx=3.245130855354797e-01 dx_old0=-3.849899304191590e-02 dx_old1=5.961766127384516e-02
x1 = 2.700810322663190e+00 (dx=1.056977725071402e-02 dx_old0=-1.483010460732482e-03 dx_old1=3.068642760997156e-03
x2 = 6.406010087631858e+00 (dx=-3.000000000000000e+00 dx_old0=4.032820276405775e-01 dx_old1=-5.516389470315564e-01

------- iter 19 -------
x[0]=1.303620572740667e-01 f[0]=3.033345015292782e+00
x[1]=1.999445986383103e+00 f[1]=-2.149284946061901e+00
x[2]=-2.964555122124519e+00 f[2]=9.014652261334049e+01
iter=19 norm=9.999999889069488e+02 f[2]=9.014652261334049e+01 f_old[2]=1.626421032588368e+00 residue non-converged, df=8.852010158075213e+01, tol=9.014652361334050e-02
J = 
9.9151489374e+00 -4.1564300955e-01 -9.8436974428e-01 
-1.2999313631e-01 -9.0952783828e+00 1.7611418611e-01 
1.9994459864e+00 1.3036205727e-01 -5.9291102442e+01 
|J|_max = 6.142091048614755e+01
J^-1 = 
1.0113624158e-01 -4.6460657394e-03 -1.6928964080e-03 
-1.3794961655e-03 -1.0988846577e-01 -3.0350225721e-04 
3.4075368821e-03 -3.9828647117e-04 -1.6923693080e-02 
|J^-1|_max = 1.115714641929042e-01
x[0] new=-3.379605182516324e-02 old=1.303620572740667e-01 dx=-1.641581090992300e-01 f=3.033345015292782e+00
x[1] new=1.794808522067576e+00 old=1.999445986383103e+00 dx=-2.046374643155265e-01 f=-2.149284946061901e+00
x[2] new=-1.450135307326506e+00 old=-2.964555122124519e+00 dx=1.514419814798013e+00 f=9.014652261334049e+01
[norm] |X|_max=1.514419814798013e+00 <= |F|_max=9.014652261334049e+01 * |J^-1|_norm=1.115714641929042e-01 = 1.005777951986915e+01 --> 1
iter=19 norm=1.249661527123767e+03 x[0]=1.303620572740667e-01 x_new[0]=-3.379605182516324e-02 delta non-converged, dx=-1.641581090992300e-01, tol=1.303630572740667e-04
[converge info] iter=19  dx_norm=1.249661527123767e+03 (id=0  ), f_norm=9.999999889069488e+02 (id=2  )
iter=19 nr_converge=0 delta_converge=0 f_converge=0
converge order of each variable:
x0 = 3.196968652261840e-01 (dx=-1.641581090992300e-01 dx_old0=3.245130855354797e-01 dx_old1=-3.849899304191590e-02
x1 = 1.508836544554588e+00 (dx=-2.046374643155265e-01 dx_old0=1.056977725071402e-02 dx_old1=-1.483010460732482e-03
x2 = 3.406434330771055e-01 (dx=1.514419814798013e+00 dx_old0=-3.000000000000000e+00 dx_old1=4.032820276405775e-01

------- iter 20 -------
x[0]=-3.379605182516324e-02 f[0]=6.443885430905122e-01
x[1]=1.794808522067576e+00 f[1]=8.983639425960454e-01
x[2]=-1.450135307326506e+00 f[2]=2.296826665372135e+01
iter=20 norm=9.999999564616706e+02 f[2]=2.296826665372135e+01 f_old[2]=9.014652261334049e+01 residue non-converged, df=-6.717825595961915e+01, tol=2.296826765372135e-02
J = 
9.9942896780e+00 -2.2214334721e-01 1.2036844692e-01 
3.3789618702e-02 -9.7501401697e+00 9.9272928686e-01 
1.7948085221e+00 -3.3796051825e-02 -2.9002706147e+01 
|J|_max = 3.083131072042286e+01
J^-1 = 
1.0000432094e-01 -2.2796271579e-03 3.3701379812e-04 
9.7656717637e-04 -1.0257272217e-01 -3.5068933548e-03 
6.1875468600e-03 -2.1547686368e-05 -3.4454598842e-02 
|J^-1|_max = 1.070561827017942e-01
x[0] new=-1.039303784366856e-01 old=-3.379605182516324e-02 dx=-7.013432661152237e-02 f=6.443885430905122e-01
x[1] new=1.966874130159290e+00 old=1.794808522067576e+00 dx=1.720656080917141e-01 f=8.983639425960454e-01
x[2] new=-6.627407203164488e-01 old=-1.450135307326506e+00 dx=7.873945870100569e-01 f=2.296826665372135e+01
[norm] |X|_max=7.873945870100569e-01 <= |F|_max=2.296826665372135e+01 * |J^-1|_norm=1.070561827017942e-01 = 2.458894951224321e+00 --> 1
iter=20 norm=2.015582887504604e+03 x[0]=-3.379605182516324e-02 x_new[0]=-1.039303784366856e-01 delta non-converged, dx=-7.013432661152237e-02, tol=3.379705182516324e-05
[converge info] iter=20  dx_norm=2.015582887504604e+03 (id=0  ), f_norm=9.999999564616706e+02 (id=2  )
iter=20 nr_converge=0 delta_converge=0 f_converge=0
converge order of each variable:
x0 = 1.247869270646497e+00 (dx=-7.013432661152237e-02 dx_old0=-1.641581090992300e-01 dx_old1=3.245130855354797e-01
x1 = 5.850488954599734e-02 (dx=1.720656080917141e-01 dx_old0=-2.046374643155265e-01 dx_old1=1.056977725071402e-02
x2 = 9.568130891469548e-01 (dx=7.873945870100569e-01 dx_old0=1.514419814798013e+00 dx_old1=-3.000000000000000e+00

------- iter 21 -------
x[0]=-1.039303784366856e-01 f[0]=2.698678026079123e-01
x[1]=1.966874130159290e+00 f[1]=-7.511475650053168e-02
x[2]=-6.627407203164488e-01 f[2]=6.187834650970872e+00
iter=21 norm=9.999998383926049e+02 f[2]=6.187834650970872e+00 f_old[2]=2.296826665372135e+01 residue non-converged, df=-1.678043200275048e+01, tol=6.187835650970873e-03
J = 
9.9460409784e+00 -3.8580277391e-01 7.8830888476e-01 
1.0374337839e-01 -9.2258128078e+00 6.1527969429e-01 
1.9668741302e+00 -1.0393037844e-01 -1.3254814406e+01 
|J|_max = 1.532561891492495e+01
J^-1 = 
9.9455629520e-02 -4.2234356585e-03 5.7189153967e-03 
2.1015083053e-03 -1.0842412469e-01 -4.9079921176e-03 
1.4741684663e-02 2.2343534077e-04 -7.4557175490e-02 
|J^-1|_max = 1.154336251147750e-01
x[0] new=-1.664751958310015e-01 old=-1.039303784366856e-01 dx=-6.254481739431593e-02 f=2.698678026079123e-01
x[1] new=1.988532592697535e+00 old=1.966874130159290e+00 dx=2.165846253824492e-02 f=-7.511475650053168e-02
x[2] new=-2.053547690986246e-01 old=-6.627407203164488e-01 dx=4.573859512178242e-01 f=6.187834650970872e+00
[norm] |X|_max=4.573859512178242e-01 <= |F|_max=6.187834650970872e+00 * |J^-1|_norm=1.154336251147750e-01 = 7.142841853723864e-01 --> 1
iter=21 norm=6.891033459567740e+02 x[2]=-6.627407203164488e-01 x_new[2]=-2.053547690986246e-01 delta non-converged, dx=4.573859512178242e-01, tol=6.627417203164489e-04
[converge info] iter=21  dx_norm=6.891033459567740e+02 (id=2  ), f_norm=9.999998383926049e+02 (id=2  )
iter=21 nr_converge=0 delta_converge=0 f_converge=0
converge order of each variable:
x0 = 1.346737941684008e-01 (dx=-6.254481739431593e-02 dx_old0=-7.013432661152237e-02 dx_old1=-1.641581090992300e-01
x1 = 1.195449106909382e+01 (dx=2.165846253824492e-02 dx_old0=1.720656080917141e-01 dx_old1=-2.046374643155265e-01
x2 = 8.305101194768972e-01 (dx=4.573859512178242e-01 dx_old0=7.873945870100569e-01 dx_old1=1.514419814798013e+00

------- iter 22 -------
x[0]=-1.664751958310015e-01 f[0]=5.302205368799490e-02
x[1]=1.988532592697535e+00 f[1]=-9.176051341915126e-02
x[2]=-2.053547690986246e-01 f[2]=2.090664459129843e+00
iter=22 norm=9.999995216833972e+02 f[2]=2.090664459129843e+00 f_old[2]=6.187834650970872e+00 residue non-converged, df=-4.097170191841029e+00, tol=2.090665459129843e-03
J = 
9.8617497776e+00 -4.0569241947e-01 9.7898870357e-01 
