------- initial -------
x[0]=1.0000000000e+00 f=1.1097651818e+01
x[1]=1.0000000000e+00 f=8.4836276704e+00
x[2]=1.0000000000e+00 f=1.3000000000e+01
J = 
5.4030230587e+00 5.4030230587e-01 5.4030230587e-01 
-8.4147098481e-01 -8.4147098481e+00 -8.4147098481e-01 
1.0000000000e+00 1.0000000000e+00 2.0000000000e+01 
J^-1 = 
1.8772289899e-01 1.1508413359e-02 -4.5871559633e-03 
-1.7923291863e-02 -1.2053548728e-01 -4.5871559633e-03 
-8.4899803563e-03 5.4513536962e-03 5.0458715596e-02 
------- iter 1 -------
x[0] new=-1.1212834377e+00 old=1.0000000000e+00 dx=-2.1212834377e+00 f=1.1097651818e+01
x[1] new=2.2811176752e+00 old=1.0000000000e+00 dx=1.2811176752e+00 f=8.4836276704e+00
x[2] new=3.9200828812e-01 old=1.0000000000e+00 dx=-6.0799171188e-01 f=1.3000000000e+01
iter=1 x[0]=1.0000000000e+00 x_new[0]=-1.1212834377e+00 does not converged, diff=2.0000000000e+00, tol=1.0010000000e-03
J = 
7.6401754524e+00 -8.1079270710e-01 1.1815038018e+00 
1.8878026625e-01 -9.0369148133e+00 -5.4618549364e-01 
6.8105435875e-01 1.1926224903e+00 1.9908585386e+01 
J^-1 = 
1.3193577956e-01 -1.2917389991e-02 -8.1843040584e-03 
3.0399190749e-03 -1.1135696591e-01 -3.2354501383e-03 
-4.6955075807e-03 7.1127236823e-03 5.0703382836e-02 
------- iter 2 -------
x[0] new=-2.4819506392e-01 old=-1.1212834377e+00 dx=8.7308837377e-01 f=-6.8663912175e+00
x[1] new=1.9530359257e+00 old=2.2811176752e+00 dx=-3.2808174958e-01 f=-3.1621038254e+00
x[2] new=3.3262343193e-01 old=3.9200828812e-01 dx=-5.9384856196e-02 f=9.7892551091e-01
iter=2 f[0]=-6.8663912175e+00 does not converged residual_tol=1.0000000000e-09
J = 
7.4380666466e+00 -7.3484597294e-01 1.1952506374e+00 
3.7325702354e-01 -9.1062359257e+00 -5.5873305015e-01 
3.3016260290e+00 2.0788627769e-01 1.9730341950e+01 
J^-1 = 
1.3889428151e-01 -1.1407813562e-02 -8.7371724936e-03 
7.1238437131e-03 -1.1047099988e-01 -3.5599270216e-03 
-2.3317280847e-02 3.0729188223e-03 5.2182924083e-02 
------- iter 3 -------
x[0] new=-1.9510061286e-01 old=-2.4819506392e-01 dx=5.3094451067e-02 f=-2.0219193987e-01
x[1] new=1.9841969052e+00 old=1.9530359257e+00 dx=3.1160979552e-02 f=1.8455263869e-01
x[2] new=1.9053640845e-01 old=3.3262343193e-01 dx=-1.4208702348e-01 f=2.6216495983e+00
iter=3 f[0]=-2.0219193987e-01 does not converged residual_tol=1.0000000000e-09
J = 
7.8067208724e+00 -5.1848387555e-01 2.0868837740e-01 
2.5296541075e-01 -9.1768347249e+00 -2.3681848341e-01 
7.6767731554e+00 2.7756474543e+00 8.0219313724e+00 
J^-1 = 
1.3199815985e-01 -8.5729647143e-03 -3.6869822153e-03 
6.9605619196e-03 -1.1040387821e-01 -3.4403519666e-03 
-1.2872710425e-01 4.6404653891e-02 1.2937698942e-01 
------- iter 4 -------
x[0] new=-2.1025796122e-01 old=-1.9510061286e-01 dx=-1.5157348364e-02 f=1.6649324365e-01
x[1] new=1.9838380196e+00 old=1.9841969052e+00 dx=-3.5888563907e-04 f=-5.4326627489e-02
x[2] new=-4.1149384650e-02 old=1.9053640845e-01 dx=-2.3168579309e-01 f=1.9759231972e+00
iter=4 f[0]=1.6649324365e-01 does not converged residual_tol=1.0000000000e-09
J = 
7.8664288120e+00 -5.1707015057e-01 1.1213467803e+00 
2.6332376079e-01 -9.1765894667e+00 -7.8487191740e-02 
7.2269536167e+00 2.7649969257e+00 1.1462698735e+00 
J^-1 = 
1.9054681708e+00 -6.8311327088e-01 -1.9108120096e+00 
1.6074546281e-01 -1.6889605089e-01 -1.6881503071e-01 
-1.2401260059e+01 4.7142693967e+00 1.3326811738e+01 
------- iter 5 -------
x[0] new=3.2261583458e+00 old=-2.1025796122e-01 dx=3.4364163070e+00 f=-2.1235550731e-01
x[1] new=2.2818238541e+00 old=1.9838380196e+00 dx=2.9798583451e-01 f=-3.6840204022e-02
x[2] new=-2.3821383678e+01 old=-4.1149384650e-02 dx=-2.3780234294e+01 f=1.5998149812e+00
iter=5 x[0]=-2.1025796122e-01 x_new[0]=3.2261583458e+00 does not converged, diff=3.0000000000e+00, tol=1.0000000000e-06
J = 
7.8776152295e+00 -5.1610013016e-01 1.0439360117e+00 
2.3198274176e-01 -9.1793071758e+00 1.3839478903e-01 
4.1055308028e+01 5.6983930916e+00 -2.3294824074e+02 
J^-1 = 
1.2425610140e-01 -6.6429821213e-03 5.5289563209e-04 
3.4716950063e-03 -1.0916648082e-01 -4.9297838037e-05 
2.1984092190e-02 -3.8412103670e-03 -4.1965614973e-03 
------- iter 6 -------
x[0] new=-1.8500075330e-01 old=3.2261583458e+00 dx=-3.4111590991e+00 f=1.8795764541e+00
x[1] new=1.9806324051e+00 old=2.2818238541e+00 dx=-3.0119144896e-01 f=-5.2660149445e+00
x[2] new=-2.9908730626e-02 old=-2.3821383678e+01 dx=2.3791474948e+01 f=5.6839447286e+03
iter=6 x[0]=3.2261583458e+00 x_new[0]=-1.8500075330e-01 does not converged, diff=3.0000000000e+00, tol=3.0010000000e-03
J = 
7.8773329595e+00 -5.1612505345e-01 1.0459047322e+00 
2.3199514620e-01 -9.1793060805e+00 1.3830827301e-01 
4.1045610384e+01 5.6975368291e+00 -2.3288060354e+02 
J^-1 = 
1.2425493546e-01 -6.6425561995e-03 5.5410413131e-04 
3.4716415977e-03 -1.0916646130e-01 -4.9242479553e-05 
2.1985083332e-02 -3.8415724362e-03 -4.1975888231e-03 
------- iter 7 -------
x[0] new=-1.9186536170e-01 old=-1.8500075330e-01 dx=-6.8646083969e-03 f=4.7809139691e-02
x[1] new=1.9803179537e+00 old=1.9806324051e+00 dx=-3.1445143398e-04 f=-2.1009871275e-03
x[2] new=-2.4073237357e-02 old=-2.9908730626e-02 dx=5.8354932687e-03 f=1.6425268347e+00
iter=7 f[0]=4.7809139691e-02 does not converged residual_tol=1.0000000000e-09
J = 
9.0313425480e+00 -4.6326261047e-01 6.4899728519e-02 
2.6114073324e-01 -9.1779709903e+00 1.1353207790e-01 
-9.6275831202e+01 -5.9283280694e-01 -1.1614585311e+02 
J^-1 = 
1.1149379183e-01 -5.6313727093e-03 5.6795616887e-05 
2.0289671293e-03 -1.0905214486e-01 -1.0546426636e-04 
-9.2429992403e-02 5.2245927105e-03 -8.6564048186e-03 
------- iter 8 -------
x[0] new=-1.9043629534e-01 old=-1.9186536170e-01 dx=1.4290663620e-03 f=-1.3663094678e-02
x[1] new=1.9804795127e+00 old=1.9803179537e+00 dx=1.6155899610e-04 f=-3.4507418236e-04
x[2] new=-1.1260378199e-02 old=-2.4073237357e-02 dx=1.2812859159e-02 f=1.6258407871e+00
iter=8 f[0]=-1.3663094678e-02 does not converged residual_tol=1.0000000000e-09
J = 
9.1440749014e+00 -4.5051797780e-01 1.0756461887e+00 
2.4971452881e-01 -9.1792627470e+00 1.1085927059e-02 
-8.2314106176e+01 9.8556994534e-01 9.0335095248e+00 
J^-1 = 
5.2843622713e-02 -3.2687259786e-03 -6.2882320936e-03 
2.0188359000e-03 -1.0905173673e-01 -1.0656030635e-04 
4.8129532103e-01 -1.7887194629e-02 5.3411668754e-02 
------- iter 9 -------
x[0] new=-1.8092081801e-01 old=-1.9043629534e-01 dx=9.5154773219e-03 f=1.3113713064e-02
x[1] new=1.9804811564e+00 old=1.9804795127e+00 dx=1.6437034089e-06 f=-1.3291656014e-03
x[2] new=-1.0434229579e-01 old=-1.1260378199e-02 dx=-9.3081917595e-02 f=1.6241127798e+00
iter=9 f[0]=1.3113713064e-02 does not converged residual_tol=1.0000000000e-09
J = 
9.1590076167e+00 -4.5051539833e-01 9.2957198467e-01 
2.4432042485e-01 -9.1792636788e+00 6.3851912826e-02 
-8.0411439667e+01 9.8589861192e-01 -9.5786778929e+00 
J^-1 = 
7.3169658070e-01 -2.8305071670e-02 7.0819513644e-02 
-2.3269098511e-02 -1.0811910845e-01 -2.9788989974e-03 
-6.1448685386e+00 2.2648815507e-01 -6.9922342268e-01 
------- iter 10 -------
x[0] new=-3.1508805364e-01 old=-1.8092081801e-01 dx=-1.3416723563e-01 f=1.3738958942e-02
x[1] new=1.9854790167e+00 old=1.9804811564e+00 dx=4.9978603093e-03 f=-4.9628866145e-03
x[2] new=1.2052404016e+00 old=-1.0434229579e-01 dx=1.3095826974e+00 f=1.7505628760e+00
iter=10 f[0]=1.3738958942e-02 does not converged residual_tol=1.0000000000e-09
J = 
9.1783490517e+00 -4.5123588563e-01 7.4078365276e-01 
3.0011975916e-01 -9.1813422584e+00 -4.8079553703e-01 
-8.1642413898e+01 1.0317536019e+00 2.4366442264e+00 
J^-1 = 
2.8291679653e-02 -2.4104591514e-03 -9.0768079963e-03 
-4.9820468248e-02 -1.0714166654e-01 -5.9947391962e-03 
9.6903907517e-01 -3.5397823948e-02 1.0881054180e-01 
------- iter 11 -------
x[0] new=-1.6543195596e-01 old=-3.1508805364e-01 dx=1.4965609768e-01 f=-2.4983252070e-01
x[1] new=1.9911280737e+00 old=1.9854790167e+00 dx=5.6490570040e-03 f=-7.2075770739e-01
x[2] new=-3.0831125425e-01 old=1.2052404016e+00 dx=-1.5135516558e+00 f=1.5900443537e+01
iter=11 f[0]=-2.4983252070e-01 does not converged residual_tol=1.0000000000e-09
J = 
9.1759372091e+00 -4.5132692527e-01 7.6517589877e-01 
2.9096942400e-01 -9.1816876554e+00 -3.8825333435e-01 
-8.1472838657e+01 1.0381545453e+00 7.2163969047e-01 
J^-1 = 
9.6710479161e-03 -1.7407290560e-03 -1.1191037228e-02 
-4.8834082417e-02 -1.0717714398e-01 -5.8827426867e-03 
1.1621104856e+00 -4.2342042380e-02 1.3073231254e-01 
------- iter 12 -------
x[0] new=-1.3598409967e-01 old=-1.6543195596e-01 dx=2.9447856293e-02 f=-3.7280385581e-02
x[1] new=1.9895681401e+00 old=1.9911280737e+00 dx=-1.5599335526e-03 f=-1.4143875871e-01
x[2] new=-6.1364671384e-01 old=-3.0831125425e-01 dx=-3.0533545959e-01 f=2.6211620832e+00
iter=12 f[0]=-3.7280385581e-02 does not converged residual_tol=1.0000000000e-09
J = 
9.1703300226e+00 -4.5102989725e-01 8.2331503272e-01 
2.1020941123e-01 -9.1774095765e+00 4.4912156218e-01 
-7.9753186785e+01 9.4705987857e-01 -1.7108883847e+01 
J^-1 = 
1.8464240654e-01 -8.1796083616e-03 8.6706550715e-03 
-3.7994959748e-02 -1.0757601956e-01 -4.6523509189e-03 
-8.6281512991e-01 3.2174448456e-02 -9.9125018531e-02 
------- iter 13 -------
x[0] new=-1.8243252182e-01 old=-1.3598409967e-01 dx=-4.6448422145e-02 f=-1.7917522149e-02
x[1] new=1.9866907541e+00 old=1.9895681401e+00 dx=-2.8773860440e-03 f=-2.5806513165e-01
x[2] new=-7.6103880859e-02 old=-6.1364671384e-01 dx=5.3754283298e-01 f=5.4950732617e+00
iter=13 f[0]=-1.7917522149e-02 does not converged residual_tol=1.0000000000e-09
J = 
9.1664206408e+00 -4.5127207557e-01 8.6855790834e-01 
2.1971422701e-01 -9.1768207723e+00 3.3912330250e-01 
-8.0023703924e+01 9.3030188756e-01 -1.3978216697e+01 
J^-1 = 
2.3430023191e-01 -1.0070649874e-02 1.4314281403e-02 
-4.4067102725e-02 -1.0734478361e-01 -5.3424517386e-03 
-1.3442750606e+00 5.0509136060e-02 -1.5384308002e-01 
------- iter 14 -------
x[0] new=-2.1304292866e-01 old=-1.8243252182e-01 dx=-3.0610406843e-02 f=2.4502264989e-02
x[1] new=1.9904337848e+00 old=1.9866907541e+00 dx=3.7430307418e-03 f=-5.9571954043e-02
x[2] new=2.2068085036e-01 old=-7.6103880859e-02 dx=2.9678473122e-01 f=1.6954810025e+00
iter=14 f[0]=2.4502264989e-02 does not converged residual_tol=1.0000000000e-09
J = 
9.1603074292e+00 -4.5052455401e-01 9.2782885781e-01 
2.6136826206e-01 -9.1819142144e+00 -6.4735478577e-02 
-8.0732973466e+01 1.0170311399e+00 -7.1014583593e+00 
J^-1 = 
-7.0314204963e-01 2.4300492270e-02 -9.2089336541e-02 
-7.6296294348e-02 -1.0616310646e-01 -9.0005997223e-03 
7.9827480301e+00 -2.9146438353e-01 9.0481303251e-01 
------- iter 15 -------
x[0] new=-7.6206005446e-03 old=-2.1304292866e-01 dx=2.0542232811e-01 f=1.7780638702e-02
x[1] new=1.9974961883e+00 old=1.9904337848e+00 dx=7.0624034213e-03 f=-1.2115323166e-01
x[2] new=-1.8231556987e+00 old=2.2068085036e-01 dx=-2.0438365491e+00 f=2.0629525343e+00
iter=15 f[0]=1.7780638702e-02 does not converged residual_tol=1.0000000000e-09
J = 
9.2024581708e+00 -4.4907541484e-01 5.0845270174e-01 
1.9377527070e-01 -9.1842380561e+00 6.0777674275e-01 
-7.9018145605e+01 1.0759867864e+00 -2.4163030437e+01 
J^-1 = 
1.3117773018e-01 -6.1087219072e-03 2.6066652683e-03 
-2.5696156576e-02 -1.0800737584e-01 -3.2574412188e-03 
-4.3012277520e-01 1.5167193902e-02 -5.0054930924e-02 
------- iter 16 -------
x[0] new=-2.2149287061e-01 old=-7.6206005446e-03 dx=-2.1387227006e-01 f=8.6580525348e-01
x[1] new=1.9845251829e+00 old=1.9974961883e+00 dx=-1.2971005354e-02 f=-1.3884065792e+00
x[2] new=3.3342720919e-01 old=-1.8231556987e+00 dx=2.1565829079e+00 f=3.5223744897e+01
iter=16 f[0]=8.6580525348e-01 does not converged residual_tol=1.0000000000e-09
J = 
9.2003612856e+00 -4.4920258751e-01 5.2959666164e-01 
1.9831826535e-01 -9.1839625308e+00 5.6196741643e-01 
-7.9139826302e+01 1.0686070501e+00 -2.2936062070e+01 
J^-1 = 
1.3416142493e-01 -6.2193372962e-03 2.9454218273e-03 
-2.5501602852e-02 -1.0801458859e-01 -3.2353523808e-03 
-4.6410595794e-01 1.6427062384e-02 -5.3913243189e-02 
------- iter 17 -------
x[0] new=-2.3616202295e-01 old=-2.2149287061e-01 dx=-1.4669152341e-02 f=4.6048817672e-02
x[1] new=1.9835686714e+00 old=1.9845251829e+00 dx=-9.5651145844e-04 f=-9.9766804575e-02
x[2] new=5.0050344400e-01 old=3.3342720919e-01 dx=1.6707623482e-01 f=2.6721788587e+00
iter=17 f[0]=4.6048817672e-02 does not converged residual_tol=1.0000000000e-09
J = 
9.1710807312e+00 -4.5111184479e-01 8.6309137688e-01 
2.8275387058e-01 -9.1784568532e+00 -3.9972298516e-01 
-8.1244775089e+01 9.3135251837e-01 1.0385282660e+00 
J^-1 = 
1.2346342239e-02 -1.7149581184e-03 -1.0920771319e-02 
-4.3377236103e-02 -1.0735359794e-01 -5.2701331139e-03 
1.0047635011e+00 -3.7887599313e-02 1.1328795370e-01 
------- iter 18 -------
x[0] new=-1.9305024672e-01 old=-2.3616202295e-01 dx=4.3111776227e-02 f=5.6150388493e-02
x[1] new=1.9898950662e+00 old=1.9835686714e+00 dx=6.3263947582e-03 f=-1.6191947636e-01
x[2] new=-1.9346561623e-02 old=5.0050344400e-01 dx=-5.1985000563e-01 f=4.0365933845e+00
iter=18 f[0]=5.6150388493e-02 does not converged residual_tol=1.0000000000e-09
J = 
9.1672117422e+00 -4.5167959574e-01 9.0974438340e-01 
2.6879153628e-01 -9.1805057421e+00 -2.3136249997e-01 
-8.0988205489e+01 9.6900256945e-01 -2.0552368264e+00 
J^-1 = 
-3.7446223851e-02 9.1719218699e-05 -1.6585783097e-02 
-3.7834094824e-02 -1.0755472571e-01 -4.6394775142e-03 
1.4577595625e+00 -5.4324143605e-02 1.6482633030e-01 
------- iter 19 -------
x[0] new=-1.6709448948e-01 old=-1.9305024672e-01 dx=2.5955757243e-02 f=-2.4422956509e-02
x[1] new=1.9870055499e+00 old=1.9898950662e+00 dx=-2.8895162610e-03 f=-8.8137102284e-02
x[2] new=-2.5548333314e-01 old=-1.9346561623e-02 dx=-2.3613677152e-01 f=1.6195931610e+00
iter=19 f[0]=-2.4422956509e-02 does not converged residual_tol=1.0000000000e-09
J = 
9.1666299728e+00 -4.5161483045e-01 9.1503712622e-01 
2.2770355216e-01 -9.1759316356e+00 1.4244219497e-01 
-7.9921006428e+01 8.5019697993e-01 -1.1764255850e+01 
J^-1 = 
3.3541225049e-01 -1.4106664854e-02 2.5917940019e-02 
-2.7079370181e-02 -1.0796426370e-01 -3.4135007164e-03 
-2.2805953703e+00 8.8031744187e-02 -2.6132464630e-01 
------- iter 20 -------
x[0] new=-2.2807832688e-01 old=-1.6709448948e-01 dx=-6.0983837401e-02 f=-1.2650986066e-03
x[1] new=1.9852465330e+00 old=1.9870055499e+00 dx=-1.7590169570e-03 f=-8.9348720539e-02
x[2] new=3.5595302962e-01 old=-2.5548333314e-01 dx=6.1143636276e-01 f=2.3206996572e+00
iter=20 f[0]=-1.2650986066e-03 does not converged residual_tol=1.0000000000e-09
J = 
9.1661839824e+00 -4.5162769459e-01 9.1950871623e-01 
2.4635031627e-01 -9.1753937886e+00 -4.4514056213e-02 
-8.0375544143e+01 8.3708630040e-01 -7.2069682250e+00 
J^-1 = 
-8.9564394643e-01 3.3640890102e-02 -1.1447947071e-01 
-7.2465853668e-02 -1.0620391059e-01 -8.5896614634e-03 
9.9802312337e+00 -3.8751477720e-01 1.1369773264e+00 
------- iter 21 -------
x[0] new=1.0045067154e-01 old=-2.2807832688e-01 dx=3.2852899842e-01 f=2.7613135613e-03
x[1] new=1.9973587144e+00 old=1.9852465330e+00 dx=1.2112181393e-02 f=-1.1544994753e-01
x[2] new=-2.9160641976e+00 old=3.5595302962e-01 dx=-3.2720172272e+00 f=2.8142338852e+00
iter=21 f[0]=2.7613135613e-03 does not converged residual_tol=1.0000000000e-09
J = 
9.2478923329e+00 -4.4861527752e-01 1.0572627536e-01 
1.8203228816e-01 -9.1777650606e+00 5.9606774026e-01 
-7.7725392082e+01 9.3479189911e-01 -3.3601421201e+01 
J^-1 = 
1.1035638181e-01 -5.3686265090e-03 2.5199839286e-04 
-1.4416350891e-02 -1.0845488703e-01 -1.9692811837e-03 
-2.5567279675e-01 9.4012645670e-03 -3.0398343448e-02 
------- iter 22 -------
x[0] new=-2.2971204552e-01 old=1.0045067154e-01 dx=-3.3016271706e-01 f=2.6895902152e+00
x[1] new=1.9783072479e+00 old=1.9973587144e+00 dx=-1.9051466508e-02 f=-2.1171537321e+00
x[2] new=4.4329244606e-01 old=-2.9160641976e+00 dx=3.3593566437e+00 f=8.7234940070e+01
iter=22 f[0]=2.6895902152e+00 does not converged residual_tol=1.0000000000e-09
J = 
9.2458624800e+00 -4.4873240666e-01 1.2637972698e-01 
1.8452927966e-01 -9.1776209760e+00 5.7066122231e-01 
-7.7827113767e+01 9.2892222580e-01 -3.2566418146e+01 
J^-1 = 
1.1109707803e-01 -5.3979387873e-03 3.3654373638e-04 
-1.4300255922e-02 -1.0845948137e-01 -1.9560297470e-03 
-2.6590731342e-01 9.8062848618e-03 -3.1566542644e-02 
------- iter 23 -------
x[0] new=-2.3914158139e-01 old=-2.2971204552e-01 dx=-9.4295358766e-03 f=7.0054723107e-02
x[1] new=1.9768292848e+00 old=1.9783072479e+00 dx=-1.4779630972e-03 f=-8.6176713409e-02
x[2] new=5.7358437907e-01 old=4.4329244606e-01 dx=1.3029193301e-01 f=3.5106409228e+00
iter=23 f[0]=7.0054723107e-02 does not converged residual_tol=1.0000000000e-09
J = 
9.1946713508e+00 -4.5675598288e-01 8.3370946858e-01 
2.6087152251e-01 -9.1656552739e+00 -4.8419222122e-01 
-8.0488634875e+01 5.1176171743e-01 4.2089581229e+00 
J^-1 = 
3.8926672866e-02 -2.3856913889e-03 -7.9850328703e-03 
-3.8463479203e-02 -1.0745095708e-01 -4.7421595066e-03 
7.4907822870e-01 -3.2557168019e-02 8.5465915798e-02 
------- iter 24 -------
x[0] new=-2.0461205069e-01 old=-2.3914158139e-01 dx=3.4529530709e-02 f=9.2653926449e-02
x[1] new=1.9883900452e+00 old=1.9768292848e+00 dx=1.1560760375e-02 f=-1.3817645099e-01
x[2] new=8.7970166925e-02 old=5.7358437907e-01 dx=-4.8561421215e-01 f=4.8172483179e+00
iter=24 f[0]=9.2653926449e-02 does not converged residual_tol=1.0000000000e-09
J = 
9.1903106676e+00 -4.5821597415e-01 8.9503696657e-01 
2.4917250797e-01 -9.1695721966e+00 -3.1966036660e-01 
-8.0245397978e+01 5.9319935735e-01 7.8813855161e-01 
J^-1 = 
9.5772711314e-03 -1.2140537465e-03 -1.1368682002e-02 
-3.4642461636e-02 -1.0760349334e-01 -4.3016400408e-03 
1.0011968300e+00 -4.2621824406e-02 1.1453229658e-01 
------- iter 25 -------
x[0] new=-1.8543094255e-01 old=-2.0461205069e-01 dx=1.9181108131e-02 f=-2.9948955570e-02
x[1] new=1.9858928443e+00 old=1.9883900452e+00 dx=-2.4972008554e-03 f=-8.0348251045e-02
x[2] new=-7.6800283833e-02 old=8.7970166925e-02 dx=-1.6477045076e-01 f=1.6705389380e+00
iter=25 f[0]=-2.9948955570e-02 does not converged residual_tol=1.0000000000e-09
J = 
9.1865833222e+00 -4.5773070863e-01 9.2705578381e-01 
2.1232505286e-01 -9.1647750026e+00 -3.1316370655e-03 
-7.9067122593e+01 4.3979892407e-01 -9.3335376780e+00 
J^-1 = 
7.5618236959e-01 -3.4162370402e-02 7.5119450703e-02 
1.9707447755e-02 -1.1000200097e-01 1.9943552392e-03 
-6.4049129995e+00 2.8421608810e-01 -7.4340533482e-01 
------- iter 26 -------
x[0] new=-3.1020003261e-01 old=-1.8543094255e-01 dx=-1.2476909005e-01 f=-5.3484613723e-03
x[1] new=1.9768101462e+00 old=1.9858928443e+00 dx=-9.0826981402e-03 f=-5.2873336020e-02
x[2] new=1.1608735362e+00 old=-7.6800283833e-02 dx=1.2376738200e+00 f=1.6907368540e+00
iter=26 f[0]=-5.3484613723e-03 does not converged residual_tol=1.0000000000e-09
J = 
9.2040501192e+00 -4.5645919463e-01 7.5379013422e-01 
2.6059580450e-01 -9.1612610821e+00 -4.8196373839e-01 
-8.0265486256e+01 3.5256277124e-01 2.5538883765e+00 
J^-1 = 
2.9575104986e-02 -1.8227510974e-03 -9.0731930584e-03 
-4.8410703565e-02 -1.0697021862e-01 -5.8985568291e-03 
9.3619126682e-01 -4.2519589909e-02 1.0721508479e-01 
------- iter 27 -------
x[0] new=-1.7002875429e-01 old=-3.1020003261e-01 dx=1.4017127832e-01 f=-2.1663722356e-01
x[1] new=1.9899509566e+00 old=1.9768101462e+00 dx=1.3140810466e-02 f=-5.9869256964e-01
x[2] new=-2.5531374873e-01 old=1.1608735362e+00 dx=-1.4161872849e+00 f=1.4863067099e+01
iter=27 f[0]=-2.1663722356e-01 does not converged residual_tol=1.0000000000e-09
J = 
9.2018893157e+00 -4.5666176615e-01 7.7562130054e-01 
2.5251801928e-01 -9.1620183602e+00 -4.0035175016e-01 
-8.0105376930e+01 3.6757273851e-01 9.3626175818e-01 
J^-1 = 
1.2749062829e-02 -1.0776618645e-03 -1.1022439415e-02 
-4.8138749317e-02 -1.0698226127e-01 -5.8670517478e-03 
1.1096928463e+00 -5.0202570707e-02 1.2731472073e-01 
------- iter 28 -------
x[0] new=-1.4425604257e-01 old=-1.7002875429e-01 dx=2.5772711718e-02 f=-3.1222564703e-02
x[1] new=1.9895344001e+00 old=1.9899509566e+00 dx=-4.1655657135e-04 f=-1.1672008476e-01
x[2] new=-5.2106882946e-01 old=-2.5531374873e-01 dx=-2.6575508074e-01 f=2.3135022206e+00
iter=28 f[0]=-3.1222564703e-02 does not converged residual_tol=1.0000000000e-09
J = 
9.1940201352e+00 -4.5653457896e-01 8.5676428259e-01 
1.7689629724e-01 -9.1607961091e+00 3.7942094376e-01 
-7.8504528066e+01 3.4169870083e-01 -1.5570876637e+01 
J^-1 = 
2.0171639768e-01 -9.6474448199e-03 1.0864061547e-02 
-3.8261792258e-02 -1.0743018725e-01 -4.7230866793e-03 
-1.0178440802e+00 4.6282516008e-02 -1.1910003145e-01 
------- iter 29 -------
x[0] new=-1.8999073210e-01 old=-1.4425604257e-01 dx=-4.5734689531e-02 f=-2.1767022844e-02
x[1] new=1.9871439363e+00 old=1.9895344001e+00 dx=-2.3904637536e-03 f=-2.0917804121e-01
x[2] new=-6.1531649426e-03 old=-5.2106882946e-01 dx=5.1491566452e-01 f=4.4281248913e+00
iter=29 f[0]=-2.1767022844e-02 does not converged residual_tol=1.0000000000e-09
J = 
9.1906108410e+00 -4.5671277618e-01 8.9514869158e-01 
1.8754818483e-01 -9.1602393556e+00 2.5949395107e-01 
-7.8782260868e+01 3.2718214452e-01 -1.2443951066e+01 
J^-1 = 
2.7837136544e-01 -1.3173671516e-02 1.9749778360e-02 
-4.4258205878e-02 -1.0715434454e-01 -5.4181810075e-03 
-1.7635239731e+00 8.0584746148e-02 -2.0553800874e-01 
------- iter 30 -------
x[0] new=-2.2840685466e-01 old=-1.8999073210e-01 dx=-3.8416122554e-02 f=1.9921082454e-02
x[1] new=1.9901490770e+00 old=1.9871439363e+00 dx=3.0051406613e-03 f=-6.2240778804e-02
x[2] new=3.6754903586e-01 old=-6.1531649426e-03 dx=3.7370220081e-01 f=1.6228396831e+00
iter=30 f[0]=1.9921082454e-02 does not converged residual_tol=1.0000000000e-09
J = 
9.1883186116e+00 -4.5653346418e-01 9.1744691127e-01 
2.3231073518e-01 -9.1637409521e+00 -1.7594467380e-01 
-7.9570615261e+01 3.8885197698e-01 -4.7750414502e+00 
J^-1 = 
-1.6047439546e-01 6.6759828987e-03 -3.1078545313e-02 
-5.5325097760e-02 -1.0665377236e-01 -6.6999788798e-03 
2.6696172671e+00 -1.1993290591e-01 3.0792060912e-01 
------- iter 31 -------
x[0] new=-1.3594289344e-01 old=-2.2840685466e-01 dx=9.2463961221e-02 f=8.4214911926e-03
x[1] new=1.9924808499e+00 old=1.9901490770e+00 dx=2.3317729211e-03 f=-1.6445449884e-01
x[2] new=-5.6650533184e-01 old=3.6754903586e-01 dx=-9.3405436771e-01 f=2.8963592467e+00
iter=31 f[0]=8.4214911926e-03 does not converged residual_tol=1.0000000000e-09
J = 
9.1904668215e+00 -4.5647929024e-01 8.9574608037e-01 
2.0518861106e-01 -9.1644249227e+00 9.8038163991e-02 
-7.9052318679e+01 4.0192247406e-01 -1.0010780648e+01 
J^-1 = 
4.6660686467e-01 -2.1419780405e-02 4.1541347152e-02 
-2.8982645116e-02 -1.0783402022e-01 -3.6493597657e-03 
-3.6858267739e+00 1.6481655611e-01 -4.2807916024e-01 
------- iter 32 -------
x[0] new=-3.5617762445e-01 old=-1.3594289344e-01 dx=-2.2023473102e-01 f=2.0468514195e-02
x[1] new=1.9832292212e+00 old=1.9924808499e+00 dx=-9.2516286822e-03 f=-2.5842428022e-01
x[2] new=1.6655650518e+00 old=-5.6650533184e-01 dx=2.2320703836e+00 f=4.9384192982e+00
iter=32 f[0]=2.0468514195e-02 does not converged residual_tol=1.0000000000e-09
J = 
9.2156514688e+00 -4.5542133265e-01 6.4050066478e-01 
2.5622422129e-01 -9.1622810169e+00 -4.1920574922e-01 
-8.0323396684e+01 3.4852698246e-01 2.8715452131e+00 
J^-1 = 
3.5967310897e-02 -2.1046546545e-03 -8.3297904424e-03 
-4.5277409488e-02 -1.0710316440e-01 -5.5364099192e-03 
1.0115797468e+00 -4.5872399080e-02 1.1591408163e-01 
------- iter 33 -------
x[0] new=-9.6086986845e-02 old=-3.5617762445e-01 dx=2.6009063761e-01 f=-5.7528205457e-01
x[1] new=1.9930706666e+00 old=1.9832292212e+00 dx=9.8414453992e-03 f=-1.1657844683e+00
x[2] new=-1.1714977456e+00 old=1.6655650518e+00 dx=-2.8370627974e+00 f=2.9034687545e+01
iter=33 f[0]=-5.7528205457e-01 does not converged residual_tol=1.0000000000e-09
J = 
9.2166587179e+00 -4.5538321983e-01 6.2951361472e-01 
2.3333834664e-01 -9.1631469846e+00 -1.6956714578e-01 
-7.9825671117e+01 3.6736018242e-01 -2.5576340188e+00 
J^-1 = 
-9.3892893270e-02 3.7298019070e-03 -2.3357253643e-02 
-5.6470168948e-02 -1.0660028772e-01 -6.8316395239e-03 
2.9223564716e+00 -1.3172120758e-01 3.3702975829e-01 
------- iter 34 -------
x[0] new=2.7232618554e-01 old=-9.6086986845e-02 dx=3.6841317239e-01 f=3.1433302113e-02
x[1] new=2.0248245056e+00 old=1.9930706666e+00 dx=3.1753839038e-02 f=-7.1420131872e-01
x[2] new=-6.5923679762e+00 old=-1.1714977456e+00 dx=-5.4208702305e+00 f=1.5532561525e+01
iter=34 f[0]=3.1433302113e-02 does not converged residual_tol=1.0000000000e-09
J = 
9.2701205700e+00 -4.5077529814e-01 -1.5712970971e-01 
2.2747118932e-01 -9.1636526798e+00 -8.3237174844e-02 
-7.4370529045e+01 8.3754343392e-01 -8.2825169164e+01 
J^-1 = 
1.0642494362e-01 -5.2531907233e-03 -1.9662211265e-04 
3.5095072661e-03 -1.0928999822e-01 1.0317567617e-04 
-9.5525793375e-02 3.6117940462e-03 -1.1896029979e-02 
------- iter 35 -------
x[0] new=-1.0013006493e-01 old=2.7232618554e-01 dx=-3.7245625047e-01 f=4.2841337492e+00
x[1] new=1.9133027078e+00 old=2.0248245056e+00 dx=-1.1152179783e-01 f=-4.7016116525e-01
x[2] new=-9.8113968889e-01 old=-6.5923679762e+00 dx=5.6112282873e+00 f=4.3714456807e+02
iter=35 f[0]=4.2841337492e+00 does not converged residual_tol=1.0000000000e-09
J = 
9.2688119552e+00 -4.5116712693e-01 -1.3741481277e-01 
2.2520401613e-01 -9.1643315226e+00 -4.9081146182e-02 
-7.4505148204e+01 7.9723542288e-01 -8.0797068325e+01 
J^-1 = 
1.0658513408e-01 -5.2627600429e-03 -1.7807668331e-04 
3.1454359931e-03 -1.0926824965e-01 6.1026736961e-05 
-9.8253980283e-02 3.7747681205e-03 -1.2211875234e-02 
------- iter 36 -------
x[0] new=-1.0892787512e-01 old=-1.0013006493e-01 dx=-8.7978101891e-03 f=1.1115588663e-01
x[1] new=1.9332978430e+00 old=1.9133027078e+00 dx=1.9995135190e-02 f=1.9257740280e-01
x[2] new=-8.3130510949e-01 old=-9.8113968889e-01 dx=1.4983457940e-01 f=1.1434771767e+01
iter=36 f[0]=1.1115588663e-01 does not converged residual_tol=1.0000000000e-09
J = 
9.2269574771e+00 -3.5604278010e-01 5.7540439862e-01 
1.7845048786e-01 -9.0580729084e+00 7.4717327306e-01 
-7.7843558223e+01 8.3845734307e+00 -2.3940958659e+01 
J^-1 = 
1.3521582866e-01 -2.3753213004e-03 3.1756876182e-03 
-3.4601274409e-02 -1.1307504915e-01 -4.3605764312e-03 
-4.5176963507e-01 -3.1877695531e-02 -5.3622263652e-02 
------- iter 37 -------
x[0] new=-1.5101593016e-01 old=-1.0892787512e-01 dx=-4.2088055042e-02 f=1.0907521865e-01
x[1] new=1.9887867387e+00 old=1.9332978430e+00 dx=5.5488895696e-02 f=1.2184243002e-01
x[2] new=-3.1162556426e-01 old=-8.3130510949e-01 dx=5.1967954523e-01 f=8.7000918247e+00
iter=37 f[0]=1.0907521865e-01 does not converged residual_tol=1.0000000000e-09
J = 
9.2112080651e+00 -3.3527875389e-01 7.6986924712e-01 
1.9663674712e-01 -9.0820496743e+00 5.2261960973e-01 
-7.8252435310e+01 8.9236370206e+00 -1.8892375194e+01 
J^-1 = 
1.6622110722e-01 5.3358518144e-04 6.7883143030e-03 
-3.7026127144e-02 -1.1330254815e-01 -4.6431117963e-03 
-7.0597868302e-01 -5.5727516646e-02 -8.3241813378e-02 
------- iter 38 -------
x[0] new=-1.8618244982e-01 old=-1.5101593016e-01 dx=-3.5166519659e-02 f=1.0287443903e-01
x[1] new=1.9915370327e+00 old=1.9887867387e+00 dx=2.7502939932e-03 f=-1.1879181418e-01
x[2] new=-2.3298934193e-02 old=-3.1162556426e-01 dx=2.8832663007e-01 f=2.6707664438e+00
iter=38 f[0]=1.0287443903e-01 does not converged residual_tol=1.0000000000e-09
J = 
9.1952023999e+00 -3.3402698701e-01 9.0109802802e-01 
2.3911509473e-01 -9.0853718098e+00 1.7434406429e-01 
-7.8933721857e+01 8.9769189012e+00 -1.3306577789e+01 
J^-1 = 
2.6139226095e-01 7.9828879631e-03 1.7805616423e-02 
-2.3175065393e-02 -1.1221838821e-01 -3.0396707744e-03 
-1.5661956841e+00 -1.2305902045e-01 -1.8282314888e-01 
------- iter 39 -------
x[0] new=-2.2451285348e-01 old=-1.8618244982e-01 dx=-3.8330403663e-02 f=3.8403058431e-02
x[1] new=1.9859584853e+00 old=1.9915370327e+00 dx=-5.5785473567e-03 f=-1.0192006685e-01
x[2] new=3.2315546505e-01 old=-2.3298934193e-02 dx=3.4645439924e-01 f=1.6346391597e+00
iter=39 f[0]=3.8403058431e-02 does not converged residual_tol=1.0000000000e-09
J = 
9.1932165034e+00 -3.3431601130e-01 9.1904781526e-01 
2.7388512782e-01 -9.0803114333e+00 -1.3992945688e-01 
-7.9753253881e+01 8.8576454845e+00 -5.8991297110e+00 
J^-1 = 
-3.3466110977e-01 -3.7666600336e-02 -5.1244659750e-02 
-7.8011820242e-02 -1.1641812924e-01 -9.3922781964e-03 
4.4073130577e+00 3.3442957169e-01 5.0918271603e-01 
------- iter 40 -------
x[0] new=-9.3402894539e-02 old=-2.2451285348e-01 dx=1.3110995894e-01 f=6.2965153071e-03
x[1] new=1.9980205674e+00 old=1.9859584853e+00 dx=1.2062082072e-02 f=-1.1024242293e-01
x[2] new=-9.9079815783e-01 old=3.2315546505e-01 dx=-1.3139536229e+00 f=2.5984213395e+00
iter=40 f[0]=6.2965153071e-03 does not converged residual_tol=1.0000000000e-09
J = 
9.2038165398e+00 -3.3334081072e-01 8.1281670746e-01 
2.2878876624e-01 -9.0844602868e+00 3.1201582751e-01 
-7.8878827141e+01 8.9380925168e+00 -1.4662431838e+01 
J^-1 = 
2.0812895322e-01 3.7942597916e-03 1.1618438296e-02 
-3.3924661768e-02 -1.1305054454e-01 -4.2863347484e-03 
-1.1403421802e+00 -8.9326450267e-02 -1.3331761498e-01 
------- iter 41 -------
x[0] new=-2.5559465023e-01 old=-9.3402894539e-02 dx=-1.6219175569e-01 f=1.4098428224e-01
x[1] new=1.9848468302e+00 old=1.9980205674e+00 dx=-1.3173737185e-02 f=-5.9979776970e-01
x[2] new=6.6690341844e-01 old=-9.9079815783e-01 dx=1.6577015763e+00 f=1.1630188991e+01
iter=41 f[0]=1.4098428224e-01 does not converged residual_tol=1.0000000000e-09
J = 
9.2034747460e+00 -3.3336857231e-01 8.1631005482e-01 
2.4457003152e-01 -9.0831784816e+00 1.5072138791e-01 
-7.9226090152e+01 8.9098866957e+00 -1.1113185837e+01 
J^-1 = 
2.9812904135e-01 1.0681275657e-02 2.2043690654e-02 
-2.7607171560e-02 -1.1256711551e-01 -3.5545418019e-03 
-2.1475007641e+00 -1.6639656531e-01 -2.4998286075e-01 
------- iter 42 -------
x[0] new=-3.8540008650e-01 old=-2.5559465023e-01 dx=-1.2980543627e-01 f=5.8467292813e-03
x[1] new=1.9757352328e+00 old=1.9848468302e+00 dx=-9.1115974388e-03 f=-2.6995452407e-01
x[2] new=2.1195093224e+00 old=6.6690341844e-01 dx=1.4526059040e+00 f=5.9402854639e+00
iter=42 f[0]=5.8467292813e-03 does not converged residual_tol=1.0000000000e-09
J = 
9.2637075048e+00 -3.2914057796e-01 1.4226693549e-01 
3.3822097257e-01 -9.0766047224e+00 -8.9729257655e-01 
-8.2043229866e+01 8.7121396388e+00 2.0412410459e+01 
J^-1 = 
1.0017950966e-01 -4.4924914273e-03 -8.9569583575e-04 
-3.7661089205e-02 -1.1333779581e-01 -4.7196403026e-03 
4.1872365952e-01 3.0316664358e-02 4.7404121525e-02 
------- iter 43 -------
x[0] new=-2.5207245214e-01 old=-3.8540008650e-01 dx=1.3332763436e-01 f=-9.8697607798e-01
x[1] new=1.9825069844e+00 old=1.9757352328e+00 dx=6.7717515885e-03 f=-1.5345675709e+00
x[2] new=3.9104536123e-01 old=2.1195093224e+00 dx=-1.7284639612e+00 f=4.6161749147e+01
iter=43 f[0]=-9.8697607798e-01 does not converged residual_tol=1.0000000000e-09
J = 
9.2549892952e+00 -3.2958337851e-01 2.5529009964e-01 
3.3339133257e-01 -9.0768500213e+00 -8.3468096031e-01 
-8.1908836663e+01 8.7189655109e+00 1.8670132422e+01 
J^-1 = 
9.4814149935e-02 -4.8984358398e-03 -1.5154549671e-03 
-3.6328501235e-02 -1.1323697188e-01 -4.5657114694e-03 
4.3293017355e-01 3.1391532640e-02 4.9045132984e-02 
------- iter 44 -------
x[0] new=-2.2938171741e-01 old=-2.5207245214e-01 dx=2.2690734721e-02 f=-1.9652184281e-01
x[1] new=1.9768713138e+00 old=1.9825069844e+00 dx=-5.6356706076e-03 f=-1.0886750781e-01
x[2] new=3.3096434941e-01 old=3.9104536123e-01 dx=-6.0081011825e-02 f=3.0294293485e+00
iter=44 f[0]=-1.9652184281e-01 does not converged residual_tol=1.0000000000e-09
J = 
9.0905486226e+00 -2.8874144557e-01 6.9069962347e-01 
1.6672500004e-01 -9.0354553039e+00 -3.9337828683e-01 
-6.7485870897e+01 5.1367507772e+00 -1.9519304251e+01 
J^-1 = 
1.4959628005e-01 -1.7510801952e-03 5.3288237066e-03 
2.4992045721e-02 -1.0971396960e-01 3.0954530547e-03 
-5.1063589171e-01 -2.2818443777e-02 -6.8840554997e-02 
------- iter 45 -------
x[0] new=-2.3900744617e-01 old=-2.2938171741e-01 dx=-9.6257287550e-03 f=-3.0121296113e-02
x[1] new=1.9660967245e+00 old=1.9768713138e+00 dx=-1.0774589284e-02 f=-3.0528979675e-02
x[2] new=4.9675766536e-01 old=3.3096434941e-01 dx=1.6579331595e-01 f=2.6419158687e+00
iter=45 f[0]=-3.0121296113e-02 does not converged residual_tol=1.0000000000e-09
J = 
9.0794012200e+00 -3.0121932517e-01 8.8270221215e-01 
1.6677662518e-01 -9.0353975172e+00 -3.9426747687e-01 
-6.8875285023e+01 3.5815057741e+00 4.4119305603e+00 
J^-1 = 
4.2447175610e-02 -4.9569795600e-03 -8.9354515208e-03 
-2.9164868575e-02 -1.1133434354e-01 -4.1142117859e-03 
6.8632437034e-01 1.2994586709e-02 9.0505346244e-02 
------- iter 46 -------
x[0] new=-2.0464777383e-01 old=-2.3900744617e-01 dx=3.4359672339e-02 f=3.2074491749e-02
x[1] new=1.9834633076e+00 old=1.9660967245e+00 dx=1.7366583135e-02 f=-1.4854132300e-04
x[2] new=1.1292653002e-01 old=4.9675766536e-01 dx=-3.8383113534e-01 f=3.9977700239e+00
iter=46 f[0]=3.2074491749e-02 does not converged residual_tol=1.0000000000e-09
J = 
9.0785972737e+00 -3.0162566778e-01 8.9168307758e-01 
1.5805436028e-01 -9.0398060557e+00 -2.9683124971e-01 
-6.8477767161e+01 3.7824252394e+00 -2.8732628426e-02 
J^-1 = 
-2.5365522133e-03 -6.1723226929e-03 -1.4953815537e-02 
-3.7302794593e-02 -1.1155420910e-01 -5.2029832926e-03 
1.1346821322e+00 2.5108045359e-02 1.5049104220e-01 
------- iter 47 -------
x[0] new=-1.7914508889e-01 old=-2.0464777383e-01 dx=2.5502684936e-02 f=-3.4818158843e-03
x[1] new=1.9880769529e+00 old=1.9834633076e+00 dx=4.6136452740e-03 f=-3.7775313105e-02
x[2] new=-1.4126153512e-01 old=1.1292653002e-01 dx=-2.5418806514e-01 f=1.7216126615e+00
iter=47 f[0]=-3.4818158843e-03 does not converged residual_tol=1.0000000000e-09
J = 
9.0752838585e+00 -3.0222509183e-01 9.2470825174e-01 
1.2730123539e-01 -9.0453695487e+00 9.6885278519e-03 
-6.7757651363e+01 3.9127001048e+00 -7.2062059738e+00 
J^-1 = 
2.6222759816e+00 5.7972739319e-02 3.3657127175e-01 
1.0501480889e-02 -1.1038597016e-01 1.1991509150e-03 
-2.4650720954e+01 -6.0503458717e-01 -3.3027902698e+00 
------- iter 48 -------
x[0] new=-7.7277291621e-01 old=-1.7914508889e-01 dx=-5.9362782731e-01 f=-8.4818716380e-03
x[1] new=1.9772655338e+00 old=1.9880769529e+00 dx=-1.0811419035e-02 f=-7.8723624425e-02
x[2] new=5.6903674338e+00 old=-1.4126153512e-01 dx=5.8316289690e+00 f=1.8433939906e+00
iter=48 f[0]=-8.4818716380e-03 does not converged residual_tol=1.0000000000e-09
J = 
9.1724021970e+00 -3.0045632863e-01 -2.9354361588e-02 
1.3435591830e-01 -9.0452410656e+00 -5.9614647264e-02 
-7.3359987966e+01 3.8106678115e+00 4.7829536828e+01 
J^-1 = 
1.0957746808e-01 -3.6134067821e-03 6.2747098305e-05 
5.2022424436e-04 -1.1063061039e-01 -1.3757051397e-04 
1.6802628399e-01 3.2719745643e-03 2.1014783512e-02 
------- iter 49 -------
x[0] new=-1.7861579498e-01 old=-7.7277291621e-01 dx=5.9415712123e-01 f=-5.6214104452e+00
x[1] new=1.9796257194e+00 old=1.9772655338e+00 dx=2.3601855465e-03 f=-4.0833964883e-01
x[2] new=-1.7831730169e-01 old=5.6903674338e+00 dx=-5.8686847355e+00 f=3.2427483807e+02
iter=49 f[0]=-5.6214104452e+00 does not converged residual_tol=1.0000000000e-09
J = 
9.1717795548e+00 -3.0045880197e-01 -2.3204319900e-02 
1.3423432647e-01 -9.0452415486e+00 -5.8413644810e-02 
-7.3326443881e+01 3.8108010595e+00 4.7498210901e+01 
J^-1 = 
1.0947504047e-01 -3.6158101675e-03 4.9035135537e-05 
5.3349982792e-04 -1.1063029889e-01 -1.3579331434e-04 
1.6896178188e-01 3.2939253061e-03 2.1140018421e-02 
------- iter 50 -------
x[0] new=-1.7474611950e-01 old=-1.7861579498e-01 dx=3.8696754804e-03 f=-3.6462608944e-02
x[1] new=1.9791241730e+00 old=1.9796257194e+00 dx=-5.0154641861e-04 f=-7.1205505699e-03
x[2] new=-2.1366005064e-01 old=-1.7831730169e-01 dx=-3.5342748953e-02 f=1.9643781792e+00
iter=50 f[0]=-3.6462608944e-02 does not converged residual_tol=1.0000000000e-09
J = 
9.0712885167e+00 -2.8743421619e-01 8.9460637180e-01 
1.0754573353e-01 -9.0417824554e+00 1.8534019058e-01 
-6.6866469916e+01 2.9735275406e+00 -1.1502405365e+01 
J^-1 = 
2.5794694470e-01 -1.6108683496e-03 2.0036019802e-02 
-2.7816598291e-02 -1.1101313426e-01 -3.9522256512e-03 
-1.5067035536e+00 -1.9334002325e-02 -2.0443462846e-01 
------- iter 51 -------
x[0] new=-2.0858016677e-01 old=-1.7474611950e-01 dx=-3.3834047275e-02 f=-3.2833353004e-02
x[1] new=1.9855846448e+00 old=1.9791241730e+00 dx=6.4604718650e-03 f=-8.7199417000e-03
x[2] new=1.6819361032e-01 old=-2.1366005064e-01 dx=3.8185366096e-01 f=2.1106619032e+00
iter=51 f[0]=-3.2833353004e-02 does not converged residual_tol=1.0000000000e-09
J = 
9.0685511851e+00 -2.8691153399e-01 9.2550010748e-01 
1.2267852542e-01 -9.0446719996e+00 1.4550336881e-02 
-6.7296589009e+01 3.0556570086e+00 -6.6480481757e+00 
J^-1 = 
-3.3284474641e+00 -5.0997780664e-02 -4.6347746574e-01 
9.0635819886e-03 -1.1050527093e-01 1.0199169751e-03 
3.3697237190e+01 4.6544645862e-01 4.5417193506e+00 
------- iter 52 -------
x[0] new=6.9376932221e-01 old=-2.0858016677e-01 dx=9.0234948898e-01 f=1.1892877853e-02
x[1] new=1.9763054613e+00 old=1.9855846448e+00 dx=-9.2791835018e-03 f=-6.5747402304e-02
x[2] new=-8.6892421090e+00 old=1.6819361032e-01 dx=-8.8574357193e+00 f=1.8687373292e+00
iter=52 f[0]=1.1892877853e-02 does not converged residual_tol=1.0000000000e-09
J = 
9.1555471482e+00 -2.8780614469e-01 7.1550323794e-02 
1.0085078333e-01 -9.0444475371e+00 2.2881080340e-01 
-5.8663370254e+01 2.9668785231e+00 -9.1391466457e+01 
J^-1 = 
1.0975655125e-01 -3.4672571779e-03 7.7247593826e-05 
-5.5893300439e-04 -1.1063829479e-01 -2.7743540986e-04 
-7.0469899869e-02 -1.3660946026e-03 -1.1000531672e-02 
------- iter 53 -------
x[0] new=-2.1025780665e-01 old=6.9376932221e-01 dx=-9.0402712885e-01 f=7.6423143807e+00
x[1] new=1.9788355656e+00 old=1.9763054613e+00 dx=2.5301042529e-03 f=-1.9174966441e+00
x[2] new=1.8949898723e-01 old=-8.6892421090e+00 dx=8.8787410962e+00 f=7.5840038439e+02
iter=53 f[0]=7.6423143807e+00 does not converged residual_tol=1.0000000000e-09
J = 
9.1553298262e+00 -2.8780553647e-01 7.3684712794e-02 
1.0094189288e-01 -9.0444477921e+00 2.2791598724e-01 
-5.8685423859e+01 2.9669402446e+00 -9.1174870906e+01 
J^-1 = 
1.0977735032e-01 -3.4669910702e-03 8.0051989812e-05 
-5.5584571496e-04 -1.1063825529e-01 -2.7701914202e-04 
-7.0677144157e-02 -1.3687461304e-03 -1.1028474998e-02 
------- iter 54 -------
x[0] new=-2.1254310438e-01 old=-2.1025780665e-01 dx=-2.2852977307e-03 f=1.9147153837e-02
x[1] new=1.9784963496e+00 old=1.9788355656e+00 dx=-3.3921598727e-04 f=-8.0272071616e-03
x[2] new=2.1226995743e-01 old=1.8949898723e-01 dx=2.2770970199e-02 f=1.9430330359e+00
iter=54 f[0]=1.9147153837e-02 does not converged residual_tol=1.0000000000e-09
J = 
9.0713521199e+00 -3.0027068715e-01 9.1044826524e-01 
1.4428894636e-01 -9.0380136136e+00 -2.0399905378e-01 
-6.7541530532e+01 1.6523925040e+00 -2.9316024599e+00 
J^-1 = 
-8.4804028370e-02 -1.9725707745e-03 -2.6199759004e-02 
-4.4882745830e-02 -1.1029781665e-01 -6.2637305366e-03 
1.9285118075e+00 -1.6722880037e-02 2.5897838868e-01 
------- iter 55 -------
x[0] new=-1.5774288783e-01 old=-2.1254310438e-01 dx=5.4800216550e-02 f=1.9250060356e-02
x[1] new=1.9909801944e+00 old=1.9784963496e+00 dx=1.2483844763e-02 f=-9.9363680267e-03
x[2] new=-3.5076432783e-01 old=2.1226995743e-01 dx=-5.6303428526e-01 f=2.0300695921e+00
iter=55 f[0]=1.9250060356e-02 does not converged residual_tol=1.0000000000e-09
J = 
9.0710959004e+00 -3.0032905560e-01 9.1308074261e-01 
1.1817163303e-01 -9.0439633070e+00 6.4338258950e-02 
-6.7042373097e+01 1.7661038054e+00 -8.0600995285e+00 
J^-1 = 
6.7526784371e-01 -7.4974285324e-03 7.6437231391e-02 
-3.1182564485e-02 -1.1039740138e-01 -4.4137141990e-03 
-5.6235819673e+00 3.8172249506e-02 -7.6082540186e-01 
------- iter 56 -------
x[0] new=-3.8078944749e-01 old=-1.5774288783e-01 dx=-2.2304655966e-01 f=-1.4969445579e-03
x[1] new=1.9869598136e+00 old=1.9909801944e+00 dx=-4.0203807404e-03 f=-1.5258861656e-01
x[2] new=1.8654320565e+00 old=-3.5076432783e-01 dx=2.2161963843e+00 f=2.9162931713e+00
iter=56 f[0]=-1.4969445579e-03 does not converged residual_tol=1.0000000000e-09
J = 
9.1090839750e+00 -2.9964432626e-01 5.3563025171e-01 
1.8131709142e-01 -9.0428251196e+00 -5.6307664850e-01 
-6.8662714880e+01 1.7368973881e+00 8.0396583337e+00 
J^-1 = 
7.1947135411e-02 -3.3497981978e-03 -5.0279817518e-03 
-3.7320795535e-02 -1.1035520308e-01 -5.2425475109e-03 
6.2252745449e-01 -4.7676870073e-03 8.2574515244e-02 
------- iter 57 -------
