------- initial -------
x[0]=1.0000000000e+00 f=1.1097651818e+01
x[1]=1.0000000000e+00 f=8.4836276704e+00
x[2]=1.0000000000e+00 f=1.3000000000e+01
J = 
5.4030230587e+00 5.4030230587e-01 5.4030230587e-01 
-8.4147098481e-01 -8.4147098481e+00 -8.4147098481e-01 
1.0000000000e+00 1.0000000000e+00 2.0000000000e+01 
J^-1 = 
1.8772289899e-01 1.1508413359e-02 -4.5871559633e-03 
-1.7923291863e-02 -1.2053548728e-01 -4.5871559633e-03 
-8.4899803563e-03 5.4513536962e-03 5.0458715596e-02 
------- iter 1 -------
x[0] new=-1.1212834377e+00 old=1.0000000000e+00 dx=-2.1212834377e+00 f=1.1097651818e+01
x[1] new=2.2811176752e+00 old=1.0000000000e+00 dx=1.2811176752e+00 f=8.4836276704e+00
x[2] new=3.9200828812e-01 old=1.0000000000e+00 dx=-6.0799171188e-01 f=1.3000000000e+01
iter=1 x[0]=1.0000000000e+00 x_new[0]=-1.1212834377e+00 does not converged, diff=2.0000000000e+00, tol=1.0010000000e-03
J = 
6.9031566413e+00 -6.1210311852e-01 4.1716276891e+00 
-1.5063092195e-01 -8.9454144767e+00 8.3082345951e-01 
7.8612942559e-01 1.1642957753e+00 1.9482290341e+01 
J^-1 = 
1.4809411187e-01 -1.4182140458e-02 -3.1105718683e-02 
-3.0319220959e-03 -1.1088170870e-01 5.3777647880e-03 
-5.7945489484e-03 7.1987482210e-03 5.2262428807e-02 
------- iter 2 -------
x[0] new=-1.1880654764e-01 old=-1.1212834377e+00 dx=1.0024768900e+00 f=-6.8663912175e+00
x[1] new=1.9044154056e+00 old=2.2811176752e+00 dx=-3.7670226964e-01 f=-3.1621038254e+00
x[2] new=3.2382281258e-01 old=3.9200828812e-01 dx=-6.8185475542e-02 f=9.7892551091e-01
iter=2 x[0]=-1.1212834377e+00 x_new[0]=-1.1880654764e-01 does not converged, diff=1.0000000000e+00, tol=1.0010000000e-03
J = 
7.8290888284e+00 -1.2264278586e+00 5.3721656620e+00 
4.2181794078e-01 -9.3252149671e+00 1.5730447656e+00 
3.2108357806e+00 -4.4441501583e-01 2.2626097299e+01 
J^-1 = 
1.4198933265e-01 -1.7124137758e-02 -3.2522320232e-02 
3.0338526747e-03 -1.0795850831e-01 6.7853154350e-03 
-2.0089904770e-02 3.0957225873e-04 4.8945220685e-02 
------- iter 3 -------
x[0] new=-1.6864050357e-01 old=-1.1880654764e-01 dx=-4.9833955922e-02 f=1.0777838906e+00
x[1] new=1.9539309641e+00 old=1.9044154056e+00 dx=4.9515558519e-02 f=6.6632974967e-01
x[2] new=2.0712831691e-01 old=3.2382281258e-01 dx=-1.1669449567e-01 f=2.8223551199e+00
iter=3 f[0]=1.0777838906e+00 does not converged residual_tol=1.0000000000e-09
J = 
6.7116155772e+00 -4.4101903115e-01 2.2859291607e+00 
-1.3392115653e-01 -8.9346173468e+00 3.8205085620e-02 
-1.9486481106e+00 3.1818947760e+00 8.3766398777e+00 
J^-1 = 
1.3770913915e-01 -2.0148066163e-02 -3.7488012243e-02 
-1.9240153339e-03 -1.1146120928e-01 1.0334152987e-03 
3.2765962506e-02 3.7651893010e-02 1.1026627031e-01 
------- iter 4 -------
x[0] new=-1.4799750024e-01 old=-1.6864050357e-01 dx=2.0643003326e-02 f=4.5472488156e-01
x[1] new=1.9778423330e+00 old=1.9539309641e+00 dx=2.3911368929e-02 f=2.2614267941e-01
x[2] new=-4.7790962967e-02 old=2.0712831691e-01 dx=-2.5491927987e-01 f=2.0995094949e+00
iter=4 f[0]=4.5472488156e-01 does not converged residual_tol=1.0000000000e-09
J = 
6.8760481833e+00 -1.5465245238e-01 7.7289517792e-01 
-1.2190159782e-01 -8.9136847593e+00 -7.2393421631e-02 
-1.2301392201e+00 4.4332094488e+00 1.7652481741e+00 
J^-1 = 
1.3411987860e-01 -3.2189317596e-02 -6.0043060137e-02 
-2.6472616365e-03 -1.1388755600e-01 -3.5114915837e-03 
1.0011169577e-01 2.6358336133e-01 5.3346938314e-01 
------- iter 5 -------
x[0] new=-9.6287796084e-02 old=-1.4799750024e-01 dx=5.1709704156e-02 f=3.9594333306e-01
x[1] new=1.9882619868e+00 old=1.9778423330e+00 dx=1.0419653791e-02 f=2.8942338435e-02
x[2] new=-1.0180264448e+00 old=-4.7790962967e-02 dx=-9.7023548186e-01 f=1.7301240403e+00
iter=5 f[0]=3.9594333306e-01 does not converged residual_tol=1.0000000000e-09
J = 
6.9599428398e+00 -4.4576262654e-01 6.6946642153e-01 
-5.6263460646e-01 -7.3843637237e+00 4.7096021858e-01 
8.8155269467e+00 -3.0424739207e+01 -1.0619459059e+01 
J^-1 = 
1.3223750201e-01 -3.5790337293e-02 6.7491895573e-03 
-2.5993769197e-03 -1.1379595169e-01 -5.2105819642e-03 
1.1722147242e-01 2.9631466655e-01 -7.3635741316e-02 
------- iter 6 -------
x[0] new=-2.1099713659e-01 old=-9.6287796084e-02 dx=-1.1470934051e-01 f=1.0165514992e-01
x[1] new=1.9911800131e+00 old=1.9882619868e+00 dx=2.9180262367e-03 f=-5.3403615869e-01
x[2] new=2.4618903449e-02 old=-1.0180264448e+00 dx=1.0426453483e+00 f=1.2172333059e+01
iter=6 f[0]=1.0165514992e-01 does not converged residual_tol=1.0000000000e-09
J = 
7.0757559583e+00 -8.3318999075e-01 5.3290411150e-01 
-4.8612471647e-01 -7.6403107649e+00 3.8074274189e-01 
7.6441650065e+00 -2.6506204978e+01 -9.2382347687e+00 
J^-1 = 
1.3222295089e-01 -3.5766103047e-02 6.1531744371e-03 
-2.5903296893e-03 -1.1381101945e-01 -4.8400065667e-03 
1.1683983910e-01 2.9695026006e-01 -8.9267477369e-02 
------- iter 7 -------
x[0] new=-2.0372782088e-01 old=-2.1099713659e-01 dx=7.2693157106e-03 f=-1.5680142697e-01
x[1] new=1.9866602795e+00 old=1.9911800131e+00 dx=-4.5197335912e-03 f=-1.0358809160e-01
x[2] new=2.1527182587e-01 old=2.4618903449e-02 dx=1.9065292242e-01 f=1.5859276229e+00
iter=7 f[0]=-1.5680142697e-01 does not converged residual_tol=1.0000000000e-09
J = 
6.2634687272e+00 1.0870814909e+00 1.1610086824e+00 
1.5933006200e-01 -9.1661853033e+00 -1.1835792243e-01 
-8.2567863924e+00 1.1084123091e+01 3.0572438167e+00 
J^-1 = 
1.0574927653e-01 -3.7789432970e-02 -4.1621968875e-02 
-1.9404659890e-03 -1.1376135167e-01 -3.6672441086e-03 
2.9263532939e-01 3.1038595739e-01 2.2797804842e-01 
------- iter 8 -------
x[0] new=-1.3232060422e-01 old=-2.0372782088e-01 dx=7.1407216663e-02 f=1.0516608417e-01
x[1] new=1.9849074076e+00 old=1.9866602795e+00 dx=-1.7528718311e-03 f=-8.3566439266e-02
x[2] new=-2.5889985474e-01 old=2.1527182587e-01 dx=-4.7417168061e-01 f=2.0586816206e+00
iter=8 f[0]=1.0516608417e-01 does not converged residual_tol=1.0000000000e-09
J = 
6.9086873021e+00 -7.2932761651e-01 5.4761946112e-01 
3.4439738581e-02 -8.8145960439e+00 3.7142172175e-04 
-3.6892544303e+00 -1.7743205089e+00 -1.2849666875e+00 
J^-1 = 
1.8758914681e-01 -3.1611987281e-02 7.9936489486e-02 
7.1019870324e-04 -1.1356127392e-01 2.6984318787e-04 
-5.3956590299e-01 2.4756965651e-01 -1.0081077189e+00 
------- iter 9 -------
x[0] new=-3.9066131982e-01 old=-1.3232060422e-01 dx=-2.5834071560e-01 f=3.4010899283e-01
x[1] new=1.9765401581e+00 old=1.9849074076e+00 dx=-8.3672494967e-03 f=-6.5832453945e-02
x[2] new=2.3680772062e+00 old=-2.5889985474e-01 dx=2.6269770610e+00 f=2.4076472003e+00
iter=9 f[0]=3.4010899283e-01 does not converged residual_tol=1.0000000000e-09
J = 
4.9826705002e+00 -1.4661806753e+00 -9.7331031690e-02 
-2.7769654267e+00 -9.8901798569e+00 -9.4106229013e-01 
8.9018400827e+01 3.3693656346e+01 2.9759335672e+01 
J^-1 = 
1.8982630883e-01 -2.9168235072e-02 -3.0152338461e-04 
8.1766931958e-04 -1.1344387895e-01 -3.5846960129e-03 
-5.6874874164e-01 2.1569193559e-01 3.8563449726e-02 
------- iter 10 -------
x[0] new=-1.9807649348e-01 old=-3.9066131982e-01 dx=1.9258482633e-01 f=-1.1905361578e+00
x[1] new=1.9857917053e+00 old=1.9765401581e+00 dx=9.2515471910e-03 f=-1.7378246651e+00
x[2] new=-1.4411094539e-01 old=2.3680772062e+00 dx=-2.5121881516e+00 f=5.7305738760e+01
iter=10 f[0]=-1.1905361578e+00 does not converged residual_tol=1.0000000000e-09
J = 
5.2872413818e+00 -1.3497809544e+00 4.5980661127e-03 
-2.6811320133e+00 -9.8535546138e+00 -9.0899023744e-01 
8.6203810601e+01 3.2617987145e+01 2.8817391908e+01 
J^-1 = 
1.8983792232e-01 -2.9148656809e-02 -9.4972965902e-04 
8.1755847781e-04 -1.1344406581e-01 -3.5785093889e-03 
-5.6880301537e-01 2.1560043986e-01 4.1592733052e-02 
------- iter 11 -------
x[0] new=-1.6088270419e-01 old=-1.9807649348e-01 dx=3.7193789298e-02 f=-1.9633246396e-01
x[1] new=1.9854367196e+00 old=1.9857917053e+00 dx=-3.5498575133e-04 f=-6.1776129336e-02
x[2] new=-3.1792988263e-01 old=-1.4411094539e-01 dx=-1.7381893724e-01 f=1.8143409880e+00
iter=11 f[0]=-1.9633246396e-01 does not converged residual_tol=1.0000000000e-09
J = 
5.2494975567e+00 -1.3638675414e+00 -7.8487163360e-03 
1.8421661349e+00 -8.1653888689e+00 5.8265794089e-01 
-4.6644562267e+01 -1.6963107222e+01 -1.4992020358e+01 
J^-1 = 
1.8977452578e-01 -2.9139051899e-02 -1.2318277296e-03 
6.3110386999e-04 -1.1341581696e-01 -4.4081836972e-03 
-5.9115815981e-01 2.1898736168e-01 -5.7881821218e-02 
------- iter 12 -------
x[0] new=-1.6038273554e-01 old=-1.6088270419e-01 dx=4.9996864621e-04 f=7.6465115566e-04
x[1] new=1.9869071697e+00 old=1.9854367196e+00 dx=1.4704501164e-03 f=-9.1637377619e-02
x[2] new=-1.4162893123e-01 old=-3.1792988263e-01 dx=1.7630095141e-01 f=2.6913716743e+00
iter=12 f[0]=7.6465115566e-04 does not converged residual_tol=1.0000000000e-09
J = 
8.3847817965e+00 -2.8936196533e-01 9.7571933395e-01 
6.8948711124e-01 -8.5604280244e+00 2.2105172812e-01 
-1.3224517377e+01 -5.5095923765e+00 -4.5078390597e+00 
J^-1 = 
1.8130845077e-01 -3.0426331802e-02 3.7752094816e-02 
8.4168261420e-04 -1.1338379813e-01 -5.3778402907e-03 
-5.3292809572e-01 2.2784133370e-01 -3.2601508319e-01 
------- iter 13 -------
x[0] new=-2.6541444979e-01 old=-1.6038273554e-01 dx=-1.0503171425e-01 f=1.7655153370e-01
x[1] new=1.9895196491e+00 old=1.9869071697e+00 dx=2.6124793915e-03 f=-6.4908708089e-02
x[2] new=5.8078416406e-01 old=-1.4162893123e-01 dx=7.2241309529e-01 f=1.8819219345e+00
iter=13 f[0]=1.7655153370e-01 does not converged residual_tol=1.0000000000e-09
J = 
7.1590079567e+00 -7.1147333341e-01 5.7643783463e-01 
-1.3299997084e+00 -9.2558649122e+00 -4.3677249610e-01 
2.3708325060e+01 7.2087184099e+00 7.5226026286e+00 
J^-1 = 
1.8741880119e-01 -2.6803490678e-02 -1.5917671233e-02 
9.8695674745e-04 -1.1329766476e-01 -6.6538438253e-03 
-5.9161712695e-01 1.9304446921e-01 1.8947524954e-01 
------- iter 14 -------
x[0] new=-1.6525577765e-01 old=-2.6541444979e-01 dx=1.0015867214e-01 f=-1.6080381339e-01
x[1] new=1.9919009306e+00 old=1.9895196491e+00 dx=2.3812814752e-03 f=-2.6492748594e-01
x[2] new=-3.8122538115e-01 old=5.8078416406e-01 dx=-9.6200954522e-01 f=4.8450551893e+00
iter=14 f[0]=-1.6080381339e-01 does not converged residual_tol=1.0000000000e-09
J = 
7.6646463840e+00 -5.4555615885e-01 7.3808451759e-01 
-4.9215023767e-01 -8.9809379893e+00 -1.6892183352e-01 
8.5867984083e+00 2.2468309391e+00 2.6884276674e+00 
J^-1 = 
1.8864420432e-01 -2.4806185543e-02 -5.3349277212e-02 
1.0111859290e-03 -1.1325817321e-01 -7.3939571444e-03 
-6.0337190282e-01 1.7388516265e-01 5.4854087325e-01 
------- iter 15 -------
x[0] new=1.6828609664e-02 old=-1.6525577765e-01 dx=1.8208438731e-01 f=-1.0446648301e-01
x[1] new=1.9955011790e+00 old=1.9919009306e+00 dx=3.6002484192e-03 f=-1.7310232526e-01
x[2] new=-2.1278841843e+00 old=-3.8122538115e-01 dx=-1.7466588031e+00 f=3.1241547751e+00
iter=15 f[0]=-1.0446648301e-01 does not converged residual_tol=1.0000000000e-09
J = 
4.1874337531e+00 -1.5414678018e+00 -3.3102628627e-01 
4.1682164942e+00 -7.6461581006e+00 1.2639639149e+00 
-1.2509614575e+02 -3.6041423096e+01 -3.8413999782e+01 
J^-1 = 
1.9018023382e-01 -2.6504627694e-02 -2.5109478329e-03 
1.1215776065e-03 -1.1338023719e-01 -3.7402978331e-03 
-6.2037896694e-01 1.9269047510e-01 -1.4345927275e-02 
------- iter 16 -------
x[0] new=-1.4213174051e-01 old=1.6828609664e-02 dx=-1.5896035017e-01 f=1.2306401363e+00
x[1] new=1.9840769845e+00 old=1.9955011790e+00 dx=-1.1424194513e-02 f=-1.6493769461e+00
x[2] new=-3.6786012347e-01 old=-2.1278841843e+00 dx=1.7600240608e+00 f=4.7312492528e+01
iter=16 f[0]=1.2306401363e+00 does not converged residual_tol=1.0000000000e-09
J = 
4.5561182952e+00 -1.4359634030e+00 -2.1769636952e-01 
3.9223137149e+00 -7.7165267272e+00 1.1883758760e+00 
-1.1698807008e+02 -3.3721180312e+01 -3.5921658945e+01 
J^-1 = 
1.9019209347e-01 -2.6521544822e-02 -2.0300201735e-03 
1.1211492490e-03 -1.1337962617e-01 -3.7576683998e-03 
-6.2046166827e-01 1.9280844386e-01 -1.7699595807e-02 
------- iter 17 -------
x[0] new=-1.6492812449e-01 old=-1.4213174051e-01 dx=-2.2796383984e-02 f=1.3965185360e-01
x[1] new=1.9849003643e+00 old=1.9840769845e+00 dx=8.2337977633e-04 f=-9.3144070403e-02
x[2] new=-2.0889335561e-01 old=-3.6786012347e-01 dx=1.5896676786e-01 f=3.0712103893e+00
iter=17 f[0]=1.3965185360e-01 does not converged residual_tol=1.0000000000e-09
J = 
7.0651600542e+00 -7.1498544440e-01 5.5535126884e-01 
1.6887602048e+00 -8.3583426095e+00 5.0020747067e-01 
-3.7158097324e+01 -1.0781884628e+01 -1.1325666595e+01 
J^-1 = 
1.9097034304e-01 -2.6883656476e-02 8.1768446683e-03 
1.0298455390e-03 -1.1333714347e-01 -4.9551308413e-03 
-6.2753023929e-01 1.9609737847e-01 -1.1040501064e-01 
------- iter 18 -------
x[0] new=-1.9641796638e-01 old=-1.6492812449e-01 dx=-3.1489841892e-02 f=6.6285443769e-02
x[1] new=1.9885947311e+00 old=1.9849003643e+00 dx=3.6943668343e-03 f=-5.9007421885e-02
x[2] new=7.7117961374e-02 old=-2.0889335561e-01 dx=2.8601131698e-01 f=2.1089984458e+00
iter=18 f[0]=6.6285443769e-02 does not converged residual_tol=1.0000000000e-09
J = 
7.7502980752e+00 -5.0525800942e-01 7.6601338794e-01 
3.0478231477e-01 -8.7819917488e+00 7.4670270650e-02 
-8.1755376376e+00 -1.9100402458e+00 -2.4142834092e+00 
J^-1 = 
1.9418213101e-01 -2.4407838860e-02 6.0855975550e-02 
1.1404592327e-03 -1.1325187653e-01 -3.1408662309e-03 
-6.5846521483e-01 1.7225104798e-01 -6.1779455221e-01 
------- iter 19 -------
x[0] new=-3.0758497472e-01 old=-1.9641796638e-01 dx=-1.1116700833e-01 f=3.9451672246e-02
x[1] new=1.9847661491e+00 old=1.9885947311e+00 dx=-3.8285819391e-03 f=-7.9692325397e-02
x[2] new=1.1478451441e+00 old=7.7117961374e-02 dx=1.0707271827e+00 f=1.6688760666e+00
iter=19 f[0]=3.9451672246e-02 does not converged residual_tol=1.0000000000e-09
J = 
6.7525089673e+00 -6.8560345827e-01 4.7483061569e-01 
-2.9799581989e+00 -9.3756923592e+00 -8.8390889336e-01 
6.4428336291e+01 1.1212751062e+01 1.8773557909e+01 
J^-1 = 
1.9542343595e-01 -2.1407078183e-02 -5.9506534534e-03 
1.1816436441e-03 -1.1315231634e-01 -5.3573978776e-03 
-6.7137281000e-01 1.4104791432e-01 7.6888029303e-02 
------- iter 20 -------
x[0] new=-1.9590282444e-01 old=-3.0758497472e-01 dx=1.1168215028e-01 f=-2.0016561198e-01
x[1] new=1.9884715752e+00 old=1.9847661491e+00 dx=3.7054260056e-03 f=-6.5894896016e-01
x[2] new=-1.3471414200e-02 old=1.1478451441e+00 dx=-1.1613165583e+00 f=1.4565000501e+01
iter=20 f[0]=-2.0016561198e-01 does not converged residual_tol=1.0000000000e-09
J = 
6.9555285728e+00 -6.4894536632e-01 5.3404598568e-01 
-2.6460638368e+00 -9.3154029590e+00 -7.8652086947e-01 
5.7306184172e+01 9.9267446858e+00 1.6696217291e+01 
J^-1 = 
1.9543898837e-01 -2.1348243605e-02 -7.2569878674e-03 
1.1817713668e-03 -1.1315183316e-01 -5.3681260191e-03 
-6.7150502474e-01 1.4054774788e-01 8.7993482244e-02 
------- iter 21 -------
x[0] new=-1.7683418100e-01 old=-1.9590282444e-01 dx=1.9068643438e-02 f=-4.5958289731e-02
x[1] new=1.9886281745e+00 old=1.9884715752e+00 dx=1.5659933872e-04 f=-7.5584886466e-02
x[2] new=-1.7557839085e-01 old=-1.3471414200e-02 dx=-1.6210697665e-01 f=1.6122675921e+00
iter=21 f[0]=-4.5958289731e-02 does not converged residual_tol=1.0000000000e-09
J = 
7.6689644021e+00 -5.2291781156e-01 7.4052000187e-01 
5.4482760308e-01 -8.7517359421e+00 1.3694854959e-01 
-1.3028415569e+01 -2.4977751607e+00 -3.6591765506e+00 
J^-1 = 
1.9897700930e-01 -2.3134327774e-02 3.9401827342e-02 
1.2873097629e-03 -1.1320511167e-01 -3.9763036900e-03 
-7.0933187841e-01 1.5964371876e-01 -4.1086059866e-01 
------- iter 22 -------
x[0] new=-2.5203307623e-01 old=-1.7683418100e-01 dx=-7.5198895228e-02 f=-1.9846889246e-02
x[1] new=1.9863850078e+00 old=1.9886281745e+00 dx=-2.2431667206e-03 f=-8.8766594559e-02
x[2] new=6.2841278628e-01 old=-1.7557839085e-01 dx=8.0399117713e-01 f=1.9566202788e+00
iter=22 f[0]=-1.9846889246e-02 does not converged residual_tol=1.0000000000e-09
J = 
7.7286430184e+00 -5.1339473739e-01 7.5733144206e-01 
-1.1773062440e+00 -9.0265413816e+00 -3.4817580450e-01 
2.3071071011e+01 3.2627151113e+00 6.5100330840e+00 
J^-1 = 
1.9845179400e-01 -2.0018966980e-02 -2.4157158840e-02 
1.2689645927e-03 -1.1309629567e-01 -6.1963464697e-03 
-7.0393431839e-01 1.2762761586e-01 2.4232571785e-01 
------- iter 23 -------
x[0] new=-1.2740615889e-01 old=-2.5203307623e-01 dx=1.2462691734e-01 f=9.0071217309e-03
x[1] new=1.9907380836e+00 old=1.9863850078e+00 dx=4.3530758531e-03 f=-2.5991670335e-01
x[2] new=-6.5235964209e-01 old=6.2841278628e-01 dx=-1.2807724284e+00 f=5.4483915755e+00
iter=23 f[0]=9.0071217309e-03 does not converged residual_tol=1.0000000000e-09
J = 
7.5761995749e+00 -5.3763251401e-01 7.1475088204e-01 
7.2654353644e-02 -8.8278036395e+00 9.6366006858e-04 
-2.7525375528e+00 -8.4311483834e-01 -7.0302697902e-01 
J^-1 = 
2.0978091428e-01 -3.3141388704e-02 2.1323386009e-01 
1.6366590761e-03 -1.1352219300e-01 1.5083442679e-03 
-8.2331084474e-01 2.6590041057e-01 -2.2590966809e+00 
------- iter 24 -------
x[0] new=-1.4243181659e+00 old=-1.2740615889e-01 dx=-1.2969120070e+00 f=3.5431941943e-02
x[1] new=1.9486459018e+00 old=1.9907380836e+00 dx=-4.2092181805e-02 f=-2.9052434333e-01
x[2] new=1.3013383730e+01 old=-6.5235964209e-01 dx=1.3665743372e+01 f=6.0020987337e+00
iter=24 x[0]=-1.2740615889e-01 x_new[0]=-1.4243181659e+00 does not converged, diff=1.0000000000e+00, tol=1.0000000000e-06
J = 
4.0797106228e+00 -1.5902230773e+00 -1.7141551496e-01 
-2.2518722538e-01 -8.9174665098e+00 -7.4522692835e-02 
7.8311759998e+02 2.3573692361e+02 1.9847155010e+02 
J^-1 = 
2.1073672773e-01 -3.3097049868e-02 1.6958129973e-04 
1.6436104101e-03 -1.1352187054e-01 -4.1205982216e-05 
-8.3346504841e-01 2.6542937140e-01 4.4183242919e-03 
------- iter 25 -------
x[0] new=-1.4550631277e-01 old=-1.4243181659e+00 dx=1.2788118531e+00 f=-7.5311782283e+00
x[1] new=1.9579463028e+00 old=1.9486459018e+00 dx=9.3004009778e-03 f=-6.4152870098e-01
x[2] new=-5.7223388169e-01 old=1.3013383730e+01 dx=-1.3585617611e+01 f=1.6927060692e+03
iter=25 x[0]=-1.4243181659e+00 x_new[0]=-1.4550631277e-01 does not converged, diff=1.0000000000e+00, tol=1.0010000000e-03
J = 
4.1099923570e+00 -1.5811069357e+00 -1.6374077439e-01 
-2.5045447266e-01 -8.9250730690e+00 -8.0926539007e-02 
7.8080928771e+02 2.3504201950e+02 1.9788652093e+02 
J^-1 = 
2.1073676641e-01 -3.3097046262e-02 1.6083850365e-04 
1.6436274818e-03 -1.1352186895e-01 -4.5065237780e-05 
-8.3346528718e-01 2.6542934914e-01 4.4723007049e-03 
------- iter 26 -------
x[0] new=-1.3070703522e-01 old=-1.4550631277e-01 dx=1.4799277555e-02 f=-6.5456666210e-02
x[1] new=1.9644790177e+00 old=1.9579463028e+00 dx=6.5327149075e-03 f=5.4617405970e-02
x[2] new=-6.6360189601e-01 old=-5.7223388169e-01 dx=-9.1368014319e-02 f=4.9896226065e+00
iter=26 f[0]=-6.5456666210e-02 does not converged residual_tol=1.0000000000e-09
J = 
3.4524760884e+00 -1.7796084544e+00 -3.3032054000e-01 
8.6372737317e+00 -6.2419036462e+00 2.1707526238e+00 
-1.8320926755e+02 -5.5991307694e+01 -4.6344675569e+01 
J^-1 = 
2.1054433995e-01 -3.2789578944e-02 -3.0364908777e-03 
1.3271828594e-03 -1.1301624003e-01 -5.3030621602e-03 
-8.3392503109e-01 2.6616394786e-01 -3.1667358423e-03 
------- iter 27 -------
x[0] new=-1.1478295692e-01 old=-1.3070703522e-01 dx=1.5924078300e-02 f=4.1925428238e-03
x[1] new=1.9906661085e+00 old=1.9644790177e+00 dx=2.6187090759e-02 f=-5.6671116573e-02
x[2] new=-6.2555620174e-01 old=-6.6360189601e-01 dx=3.8045694268e-02 f=6.1469035358e+00
iter=27 f[0]=4.1925428238e-03 does not converged residual_tol=1.0000000000e-09
J = 
8.8299162639e+00 -4.5254970757e-02 1.0163384496e+00 
6.0256929163e-01 -8.8332886140e+00 1.5864154309e-01 
-1.5507456445e+01 -1.9034497499e+00 -4.3475274582e+00 
J^-1 = 
1.9220949075e-01 -1.0584062141e-02 4.4547349209e-02 
7.9237688702e-04 -1.1236853124e-01 -3.9150975484e-03 
-6.8595048203e-01 8.6950511290e-02 -3.8720028852e-01 
------- iter 28 -------
x[0] new=-4.0594095072e-01 old=-1.1478295692e-01 dx=-2.9115799380e-01 f=1.8228302670e-01
x[1] new=1.9821733725e+00 old=1.9906661085e+00 dx=-8.4927360027e-03 f=-2.7235825898e-01
x[2] new=1.7242843858e+00 old=-6.2555620174e-01 dx=2.3498405876e+00 f=5.6847110732e+00
iter=28 f[0]=1.8228302670e-01 does not converged residual_tol=1.0000000000e-09
J = 
5.8996960283e+00 -3.3262045522e-01 2.0793601246e-01 
-2.8577029609e+00 -9.1726360801e+00 -7.9599404650e-01 
7.1294282335e+01 6.6091608087e+00 1.9599729587e+01 
J^-1 = 
1.9449126239e-01 -8.7968384715e-03 -2.4206440401e-03 
8.2425601965e-04 -1.1234356154e-01 -4.5712976939e-03 
-7.0774255083e-01 6.9881624828e-02 6.1367709992e-02 
------- iter 29 -------
x[0] new=-1.3887064252e-01 old=-4.0594095072e-01 dx=2.6707030820e-01 f=-1.0440192936e+00
x[1] new=1.9859046704e+00 old=1.9821733725e+00 dx=3.7312979115e-03 f=-1.2328735393e+00
x[2] new=-8.2637161032e-01 old=1.7242843858e+00 dx=-2.5506559962e+00 f=3.0926921090e+01
iter=29 f[0]=-1.0440192936e+00 does not converged residual_tol=1.0000000000e-09
J = 
6.3694185536e+00 -2.8657812550e-01 3.3742156162e-01 
-2.0200182478e+00 -9.0905259966e+00 -5.6507460091e-01 
5.1662983736e+01 4.6848955791e+00 1.4188089005e+01 
J^-1 = 
1.9458705631e-01 -8.6977876615e-03 -4.9740854655e-03 
8.2135630497e-04 -1.1234655984e-01 -4.4940041449e-03 
-7.0881962260e-01 6.8767933703e-02 9.0077672634e-02 
------- iter 30 -------
x[0] new=-5.9678433232e-02 old=-1.3887064252e-01 dx=7.9192209289e-02 f=-2.0465235516e-01
x[1] new=1.9835074950e+00 old=1.9859046704e+00 dx=-2.3971753771e-03 f=-3.6496897684e-01
x[2] new=-1.7167798835e+00 old=-8.2637161032e-01 dx=-8.9040827316e-01 f=8.5531165258e+00
iter=30 f[0]=-2.0465235516e-01 does not converged residual_tol=1.0000000000e-09
J = 
4.3680308376e+00 -4.7923880487e-01 -2.1095133801e-01 
4.9990053298e+00 -8.4148498944e+00 1.3581121365e+00 
-1.3835883110e+02 -1.3607278220e+01 -3.7877191881e+01 
J^-1 = 
1.9467088675e-01 -8.8221034853e-03 -1.4005127415e-03 
8.3215970964e-04 -1.1236258069e-01 -4.0334703323e-03 
-7.1139803216e-01 7.2591569926e-02 -1.9836268314e-02 
------- iter 31 -------
x[0] new=-9.0271832476e-02 old=-5.9678433232e-02 dx=-3.0593399244e-02 f=3.3024329317e-01
x[1] new=1.9795648595e+00 old=1.9835074950e+00 dx=-3.9426355309e-03 f=-1.1581891118e+00
x[2] new=-7.7580530772e-01 old=-1.7167798835e+00 dx=9.4097457575e-01 f=3.1354959063e+01
iter=31 f[0]=3.3024329317e-01 does not converged residual_tol=1.0000000000e-09
J = 
5.7615901806e+00 -3.4558256115e-01 1.7055495049e-01 
3.8296689558e+00 -8.5270009185e+00 1.0379900102e+00 
-1.0376533769e+02 -1.0289417083e+01 -2.8406741021e+01 
J^-1 = 
1.9467226238e-01 -8.9073328949e-03 8.4334191987e-04 
8.3211851179e-04 -1.1236002822e-01 -4.1006697956e-03 
-7.1140843097e-01 7.3235842083e-02 -3.6798172535e-02 
------- iter 32 -------
x[0] new=-1.6072696960e-01 old=-9.0271832476e-02 dx=-7.0455137122e-02 f=3.1582704276e-01
x[1] new=1.9816748657e+00 old=1.9795648595e+00 dx=2.1100062691e-03 f=-2.6501063688e-01
x[2] new=-2.4321587210e-01 old=-7.7580530772e-01 dx=5.3258943562e-01 f=7.8400398075e+00
iter=32 f[0]=3.1582704276e-01 does not converged residual_tol=1.0000000000e-09
J = 
6.7580070950e+00 -2.4991138204e-01 4.4391283479e-01 
3.3489151016e+00 -8.5731606006e+00 9.0609957901e-01 
-7.3801248626e+01 -7.4124087849e+00 -2.0186366726e+01 
J^-1 = 
1.9480324036e-01 -9.0319326466e-03 3.8784507064e-03 
7.9225784924e-04 -1.1232210865e-01 -5.0243475366e-03 
-7.1249051945e-01 7.4265236140e-02 -6.1873045507e-02 
------- iter 33 -------
x[0] new=-1.8459672995e-01 old=-1.6072696960e-01 dx=-2.3869760355e-02 f=7.5586697776e-02
x[1] new=1.9889391742e+00 old=1.9816748657e+00 dx=7.2643084226e-03 f=-3.6469268788e-02
x[2] new=-4.6013316653e-02 old=-2.4321587210e-01 dx=1.9720255545e-01 f=2.2730310085e+00
iter=33 f[0]=7.5586697776e-02 does not converged residual_tol=1.0000000000e-09
J = 
7.7969875093e+00 -1.3600012325e-01 7.2950236763e-01 
8.2140721344e-01 -8.8502703528e+00 2.1135135558e-01 
-2.0673157083e+01 -1.5875754180e+00 -5.5827932272e+00 
J^-1 = 
1.9630413459e-01 -7.5664978928e-03 2.5364568525e-02 
8.5414840940e-04 -1.1226168029e-01 -4.1383504782e-03 
-7.2715969771e-01 5.9942625473e-02 -2.7187031728e-01 
------- iter 34 -------
x[0] new=-2.3349534631e-01 old=-1.8459672995e-01 dx=-4.8898616358e-02 f=3.2346258698e-02
x[1] new=1.9869228010e+00 old=1.9889391742e+00 dx=-2.0163731121e-03 f=-7.8688128174e-02
x[2] new=4.3190345340e-01 old=-4.6013316653e-02 dx=4.7791677005e-01 f=1.6540205855e+00
iter=34 f[0]=3.2346258698e-02 does not converged residual_tol=1.0000000000e-09
J = 
8.0409269073e+00 -1.2227213489e-01 7.9525336615e-01 
-1.1981602402e+00 -8.9639239846e+00 -3.3299932229e-01 
2.1949221740e+01 8.1105114780e-01 5.9055681855e+00 
J^-1 = 
1.9668839898e-01 -5.1054432381e-03 -2.6774260418e-02 
8.7112131468e-04 -1.1215297584e-01 -6.4413153674e-03 
-7.3115129166e-01 3.4378115555e-02 2.6972822344e-01 
------- iter 35 -------
x[0] new=-1.4707542367e-01 old=-2.3349534631e-01 dx=8.6419922642e-02 f=1.9467525059e-02
x[1] new=1.9907399571e+00 old=1.9869228010e+00 dx=3.8171560737e-03 f=-1.6117109549e-01
x[2] new=-4.6579419231e-01 old=4.3190345340e-01 dx=-8.9769764570e-01 f=3.4014687030e+00
iter=35 f[0]=1.9467525059e-02 does not converged residual_tol=1.0000000000e-09
J = 
8.0503193062e+00 -1.2164677631e-01 7.9780688703e-01 
3.7168132719e-02 -8.8816741568e+00 2.8506393259e-03 
-2.6838809751e+00 -8.2905402617e-01 -7.9145811343e-01 
J^-1 = 
1.8719770276e-01 -2.0171163891e-02 1.8862667936e-01 
5.7944903075e-04 -1.1261598225e-01 1.7848181389e-04 
-6.3540538540e-01 1.8636707869e-01 -1.9033218583e+00 
------- iter 36 -------
x[0] new=-8.8199837726e-01 old=-1.4707542367e-01 dx=-7.3492295359e-01 f=-1.4782122072e-03
x[1] new=1.9681539791e+00 old=1.9907399571e+00 dx=-2.2585978045e-02 f=-1.9442077700e-01
x[2] new=6.9483999426e+00 old=-4.6579419231e-01 dx=7.4141941349e+00 f=3.8768533733e+00
iter=36 f[0]=-1.4782122072e-03 does not converged residual_tol=1.0000000000e-09
J = 
4.3475537680e+00 -1.2214865845e+00 -2.7134230151e-01 
-2.8262064968e-01 -8.9766616545e+00 -8.9486267693e-02 
3.4256893068e+02 1.0172207492e+02 9.8898019824e+01 
J^-1 = 
1.8923105481e-01 -2.0071831491e-02 5.0102354659e-04 
5.8246224366e-04 -1.1261583505e-01 -1.0030053315e-04 
-6.5606904445e-01 1.8535762691e-01 8.4791149433e-03 
------- iter 37 -------
x[0] new=-1.5264047592e-01 old=-8.8199837726e-01 dx=7.2935790135e-01 f=-5.1807912995e+00
x[1] new=1.9692348104e+00 old=1.9681539791e+00 dx=1.0808313554e-03 f=-4.4743825243e-01
x[2] new=-4.6359891310e-01 old=6.9483999426e+00 dx=-7.4119988557e+00 f=4.8306670901e+02
iter=37 f[0]=-5.1807912995e+00 does not converged residual_tol=1.0000000000e-09
J = 
4.3801570697e+00 -1.2118020347e+00 -2.6192832593e-01 
-2.8476590490e-01 -8.9772988854e+00 -9.0105695150e-02 
3.3984032492e+02 1.0091156441e+02 9.8110153974e+01 
J^-1 = 
1.8923120760e-01 -2.0071818086e-02 4.8676336104e-04 
5.8247909089e-04 -1.1261583357e-01 -1.0187284181e-04 
-6.5607046107e-01 1.8535750263e-01 8.6113240561e-03 
------- iter 38 -------
x[0] new=-1.4575105740e-01 old=-1.5264047592e-01 dx=6.8894185124e-03 f=-4.5986433169e-02
x[1] new=1.9699944283e+00 old=1.9692348104e+00 dx=7.5961791214e-04 f=3.0258480178e-03
x[2] new=-5.2747212895e-01 old=-4.6359891310e-01 dx=-6.3873215844e-02 f=3.8486545836e+00
iter=38 f[0]=-4.5986433169e-02 does not converged residual_tol=1.0000000000e-09
J = 
7.4134621111e+00 -3.0704127796e-01 6.1352967920e-01 
2.6587344676e+00 -8.0993246665e+00 7.5943331561e-01 
-5.7299330070e+01 -1.7545488163e+01 -1.6510395351e+01 
J^-1 = 
1.8933234956e-01 -2.0387251222e-02 6.0978708115e-03 
4.9150832050e-04 -1.1233212149e-01 -5.1487077520e-03 
-6.5760027626e-01 1.9012856314e-01 -7.6259065557e-02 
------- iter 39 -------
x[0] new=-1.6734066620e-01 old=-1.4575105740e-01 dx=-2.1589608798e-02 f=-3.4333337741e-02
x[1] new=1.9894129108e+00 old=1.9699944283e+00 dx=1.9418482419e-02 f=-3.3316857702e-02
x[2] new=-2.0092010219e-01 old=-5.2747212895e-01 dx=3.2655202675e-01 f=4.4951396971e+00
iter=39 f[0]=-3.4333337741e-02 does not converged residual_tol=1.0000000000e-09
J = 
8.0332689176e+00 -1.1559476433e-01 7.9156377881e-01 
1.3921793266e+00 -8.4905394185e+00 3.9562639740e-01 
-3.0821355159e+01 -9.3669461850e+00 -8.9048279808e+00 
J^-1 = 
1.8899733063e-01 -2.0121291996e-02 1.5906306923e-02 
4.8463252545e-04 -1.1232666305e-01 -4.9474033161e-03 
-6.5466659107e-01 1.8779961818e-01 -1.6214932814e-01 
------- iter 40 -------
x[0] new=-2.1143359813e-01 old=-1.6734066620e-01 dx=-4.4092931924e-02 f=4.8473610338e-02
x[1] new=1.9885079650e+00 old=1.9894129108e+00 dx=-9.0494577187e-04 f=-9.9054253256e-02
x[2] new=1.8519175683e-01 old=-2.0092010219e-01 dx=3.8611185903e-01 f=2.0707791928e+00
iter=40 f[0]=4.8473610338e-02 does not converged residual_tol=1.0000000000e-09
J = 
8.0270156384e+00 -1.1764254884e-01 7.8964517462e-01 
9.5305823928e-02 -8.9152313908e+00 -2.2747467687e-03 
-4.8679415967e+00 -8.6788565916e-01 -9.4191337860e-01 
J^-1 = 
2.5407375287e-01 -2.4093659316e-02 2.1305878490e-01 
3.0518613542e-03 -1.1248337074e-01 2.8301527897e-03 
-1.3159011063e+00 2.2816241455e-01 -2.1653944162e+00 
------- iter 41 -------
x[0] new=-6.2324081635e-01 old=-2.1143359813e-01 dx=-4.1180721822e-01 f=-4.6321728478e-04
x[1] new=1.9722623982e+00 old=1.9885079650e+00 dx=-1.6245566768e-02 f=-9.6067072214e-02
x[2] new=4.3695205342e+00 old=1.8519175683e-01 dx=4.1843287774e+00 f=1.9225224741e+00
iter=41 f[0]=-4.6321728478e-04 does not converged residual_tol=1.0000000000e-09
J = 
-4.7900230878e+00 -2.1437883263e+00 -1.6406292979e+00 
-3.6824773445e+00 -9.5124316941e+00 -7.1859075338e-01 
5.0089537576e+02 7.9084296101e+01 9.4957280307e+01 
J^-1 = 
2.5941691774e-01 -2.2624298789e-02 4.3108794014e-03 
3.1446950513e-03 -1.1245784164e-01 -7.9669390353e-04 
-1.3710315845e+00 2.1300163427e-01 -1.1545124055e-02 
------- iter 42 -------
x[0] new=-2.2177464440e-01 old=-6.2324081635e-01 dx=4.0146617194e-01 f=-4.8580024619e+00
x[1] new=1.9792375880e+00 old=1.9722623982e+00 dx=6.9751897854e-03 f=-1.4318814451e+00
x[2] new=2.2721487515e-01 old=4.3695205342e+00 dx=-4.1423056590e+00 f=1.9169790256e+02
iter=42 f[0]=-4.8580024619e+00 does not converged residual_tol=1.0000000000e-09
J = 
-4.6421751632e+00 -2.1204152680e+00 -1.6125954975e+00 
-3.6250503002e+00 -9.5033531381e+00 -7.0770187346e-01 
4.9546962901e+02 7.8226547872e+01 9.3928491423e+01 
J^-1 = 
2.5941761590e-01 -2.2624093779e-02 4.2833070106e-03 
3.1446097036e-03 -1.1245786671e-01 -7.9332328642e-04 
-1.3710381155e+00 2.1299971650e-01 -1.1287199202e-02 
------- iter 43 -------
x[0] new=-2.1648538971e-01 old=-2.2177464440e-01 dx=5.2892546971e-03 f=-5.6605598155e-02
x[1] new=1.9785909973e+00 old=1.9792375880e+00 dx=-6.4659073432e-04 f=-2.1986728602e-02
x[2] new=1.7773674861e-01 old=2.2721487515e-01 dx=-4.9478126537e-02 f=2.0773212826e+00
iter=43 f[0]=-5.6605598155e-02 does not converged residual_tol=1.0000000000e-09
J = 
8.0350774102e+00 -9.7749160920e-02 7.9107520879e-01 
-2.4443484563e+00 -9.3149711848e+00 -4.8383487872e-01 
4.5535713699e+01 6.4392204813e+00 8.6187631742e+00 
J^-1 = 
2.5994535616e-01 -1.9997089136e-02 -2.4981730179e-02 
3.2490000224e-03 -1.1193822879e-01 -6.5821303560e-03 
-1.3758027809e+00 1.8928199188e-01 2.5293010815e-01 
------- iter 44 -------
x[0] new=-1.5560487282e-01 old=-2.1648538971e-01 dx=6.0880516882e-02 f=-5.3183742801e-02
x[1] new=1.9906335436e+00 old=1.9785909973e+00 dx=1.2042546341e-02 f=-4.9532927447e-03
x[2] new=-3.7191866909e-01 old=1.7773674861e-01 dx=-5.4965541770e-01 f=1.8875674750e+00
iter=44 f[0]=-5.3183742801e-02 does not converged residual_tol=1.0000000000e-09
J = 
8.0356951713e+00 -9.7647212405e-02 7.9119173428e-01 
1.3920637237e+00 -8.6818518310e+00 2.3981025393e-01 
-2.9774187754e+01 -5.9890989761e+00 -5.5866039943e+00 
J^-1 = 
2.6267922922e-01 -2.7794450892e-02 3.6008322911e-02 
3.3493690567e-03 -1.1222449433e-01 -4.3429946700e-03 
-1.4035575818e+00 2.6844229608e-01 -3.6625254703e-01 
------- iter 45 -------
x[0] new=-2.7062093835e-01 old=-1.5560487282e-01 dx=-1.1501606552e-01 f=-2.5211533596e-05
x[1] new=1.9864109440e+00 old=1.9906335436e+00 dx=-4.2225996490e-03 f=-1.5656834200e-01
x[2] new=7.9574637184e-01 old=-3.7191866909e-01 dx=1.1676650409e+00 f=3.0734826848e+00
iter=45 f[0]=-2.5211533596e-05 does not converged residual_tol=1.0000000000e-09
J = 
7.6080338622e+00 -1.7753772379e-01 7.1105820302e-01 
-2.2410511010e+00 -9.3605463847e+00 -4.4094882857e-01 
4.5910172554e+01 8.1493374939e+00 8.5948403498e+00 
J^-1 = 
2.6323000671e-01 -2.5071786984e-02 -2.3063515154e-02 
3.3651167247e-03 -1.1214664873e-01 -6.0319593065e-03 
-1.4092592774e+00 2.4025704631e-01 2.4526417557e-01 
------- iter 46 -------
x[0] new=-8.8638370035e-02 old=-2.7062093835e-01 dx=1.8198256831e-01 f=-4.4043856270e-02
x[1] new=1.9916141361e+00 old=1.9864109440e+00 dx=5.2031921200e-03 f=-3.7416615381e-01
x[2] new=-1.0881527481e+00 old=7.9574637184e-01 dx=-1.8838991199e+00 f=7.7945584893e+00
iter=46 f[0]=-4.4043856270e-02 does not converged residual_tol=1.0000000000e-09
J = 
6.7685099861e+00 -3.3262970923e-01 5.5428425543e-01 
1.4595292809e+00 -8.6769084620e+00 2.5010310144e-01 
-3.5011087884e+01 -6.7998965935e+00 -6.5165171758e+00 
J^-1 = 
2.6463985978e-01 -2.6974115178e-02 2.1474569006e-02 
3.4289376352e-03 -1.1223276289e-01 -4.0158193759e-03 
-1.4254003418e+00 2.6203633829e-01 -2.6464149786e-01 
------- iter 47 -------
x[0] new=-4.3644276348e-01 old=-8.8638370035e-02 dx=-3.4780439344e-01 f=1.4176061737e-01
x[1] new=1.9758698054e+00 old=1.9916141361e+00 dx=-1.5744330698e-02 f=-6.2487390117e-01
x[2] new=2.8937750067e+00 old=-1.0881527481e+00 dx=3.9819277548e+00 f=1.3664230601e+01
iter=47 f[0]=1.4176061737e-01 does not converged residual_tol=1.0000000000e-09
J = 
1.4501612795e+00 -1.3316889115e+00 -4.3224692088e-01 
-3.7073005522e+00 -9.6475046331e+00 -7.0832196512e-01 
1.8381804456e+02 3.4307460323e+01 3.4075360746e+01 
J^-1 = 
2.6521763763e-01 -2.6612659583e-02 2.8110979253e-03 
3.3755365680e-03 -1.1226617039e-01 -2.2908496765e-03 
-1.4341034856e+00 2.5659168502e-01 1.6488826483e-02 
------- iter 48 -------
x[0] new=-1.8127683279e-01 old=-4.3644276348e-01 dx=2.5516593069e-01 f=-2.0628213074e+00
x[1] new=1.9522861163e+00 old=1.9758698054e+00 dx=-2.3583689060e-02 f=-2.0040518702e+00
x[2] new=-9.4982303279e-01 old=2.8937750067e+00 dx=-3.8435980395e+00 f=8.4876983815e+01
iter=48 f[0]=-2.0628213074e+00 does not converged residual_tol=1.0000000000e-09
J = 
2.9392725582e+00 -1.0517190349e+00 -1.5609275916e-01 
-3.3662309932e+00 -9.5833796723e+00 -6.4507096468e-01 
1.6073067986e+02 2.9966772868e+01 2.9793832604e+01 
J^-1 = 
2.6525462421e-01 -2.6562982564e-02 8.1457520783e-04 
3.3777981701e-03 -1.1226313281e-01 -2.4129301692e-03 
-1.4343833626e+00 2.5621577964e-01 3.1596488974e-02 
------- iter 49 -------
x[0] new=-1.1642154382e-02 old=-1.8127683279e-01 dx=1.6963467841e-01 f=-6.8805785179e-01
x[1] new=1.9626586931e+00 old=1.9522861163e+00 dx=1.0372576744e-02 f=-1.5759439299e-01
x[2] new=-2.2334465276e+00 old=-9.4982303279e-01 dx=-1.2836234948e+00 f=1.0667733692e+01
iter=49 f[0]=-6.8805785179e-01 does not converged residual_tol=1.0000000000e-09
J = 
-1.2476029656e+01 -3.9459968154e+00 -3.0108292788e+00 
1.8324016387e+01 -5.5109586344e+00 3.3717131666e+00 
-6.2348047373e+02 -1.1727165849e+02 -1.1543304573e+02 
J^-1 = 
2.6490261112e-01 -2.6299760461e-02 -7.6776262862e-03 
3.3383197939e-03 -1.1223361237e-01 -3.3653331859e-03 
-1.4341915240e+00 2.5607232994e-01 3.6224533899e-02 
------- iter 50 -------
x[0] new=7.8749666578e-02 old=-1.1642154382e-02 dx=9.0391820960e-02 f=1.0194159160e+00
x[1] new=1.9727961637e+00 old=1.9626586931e+00 dx=1.0137470600e-02 f=-1.4343788460e+00
x[2] new=-2.2827078892e+00 old=-2.2334465276e+00 dx=-4.9261361558e-02 f=5.1859984342e+01
iter=50 f[0]=1.0194159160e+00 does not converged residual_tol=1.0000000000e-09
J = 
1.0971225427e+01 4.6862209395e-01 1.3403348687e+00 
-5.4318810161e-01 -9.0632515319e+00 -1.2951985362e-01 
2.9039988920e+01 5.5840516040e+00 5.6567633932e+00 
J^-1 = 
2.4517373013e-01 -2.3445749785e-02 -5.8629213637e-02 
3.3399446583e-03 -1.1223384743e-01 -3.3611368293e-03 
-1.2619394402e+00 2.3115407502e-01 4.8108083842e-01 
------- iter 51 -------
x[0] new=2.7453038566e+00 old=7.8749666578e-02 dx=2.6665541900e+00 f=1.9498488826e+00
x[1] new=1.9725765471e+00 old=1.9727961637e+00 dx=-2.1961656018e-04 f=-1.5689767292e+00
x[2] new=-2.5564287610e+01 old=-2.2827078892e+00 dx=-2.3281579720e+01 f=5.4262910113e+01
iter=51 x[0]=7.8749666578e-02 x_new[0]=2.7453038566e+00 does not converged, diff=2.0000000000e+00, tol=1.0000000000e-06
J = 
8.1010844123e+00 -8.3235855748e-02 7.8129505600e-01 
4.8707090894e-01 -8.8651579113e+00 7.1151751474e-02 
-3.4730804324e+03 -6.6778808767e+02 -6.7647862099e+02 
J^-1 = 
2.4520471018e-01 -2.3448979944e-02 2.8073140212e-04 
3.3417080625e-03 -1.1223403129e-01 -7.9452443090e-06 
-1.2621939662e+00 2.3118061337e-01 -2.9116914250e-03 
------- iter 52 -------
x[0] new=-4.5138667028e-01 old=2.7453038566e+00 dx=-3.1966905269e+00 f=5.3620646146e+00
x[1] new=1.7906188867e+00 old=1.9725765471e+00 dx=-1.8195766042e-01 f=-1.9247539948e+00
x[2] new=6.9909345825e-01 old=-2.5564287610e+01 dx=2.6263381068e+01 f=6.5427433318e+03
iter=52 x[0]=2.7453038566e+00 x_new[0]=-4.5138667028e-01 does not converged, diff=3.0000000000e+00, tol=2.0010000000e-03
J = 
7.1760234020e+00 -2.6110160410e-01 6.0111357208e-01 
1.2751928738e+00 -8.7136220650e+00 2.2466052934e-01 
-3.4698535026e+03 -6.6716763099e+02 -6.7585008623e+02 
J^-1 = 
2.4520463362e-01 -2.3448943205e-02 2.1029483329e-04 
3.3416793784e-03 -1.1223401753e-01 -3.4335757933e-05 
-1.2621935464e+00 2.3118041188e-01 -2.5253892725e-03 
------- iter 53 -------
x[0] new=9.4622019774e-03 old=-4.5138667028e-01 dx=4.6084887226e-01 f=-1.7426771697e+00
x[1] new=1.9632854240e+00 old=1.7906188867e+00 dx=1.7266653734e-01 f=1.4847044032e+00
x[2] new=-1.8283850135e+00 old=6.9909345825e-01 dx=-2.5274784718e+00 f=6.0790551366e+00
iter=53 f[0]=-1.7426771697e+00 does not converged residual_tol=1.0000000000e-09
J = 
6.3795855775e+02 1.2090905039e+02 1.2347688887e+02 
-6.4637210259e+02 -1.3312340984e+02 -1.2593635252e+02 
1.7793798740e+04 3.4174730083e+03 3.4662870414e+03 
J^-1 = 
2.4427861158e-01 -2.2599096594e-02 -9.5228151553e-03 
2.9482476688e-03 -1.1187294987e-01 -4.1695657428e-03 
-1.2568837941e+00 2.2630744474e-01 5.3283652651e-02 
------- iter 54 -------
x[0] new=6.5754785778e-02 old=9.4622019774e-03 dx=5.6292583800e-02 f=1.0515734078e+00
x[1] new=1.9872020119e+00 old=1.9632854240e+00 dx=2.3916587887e-02 f=-1.0796885399e+00
x[2] new=-2.1511631567e+00 old=-1.8283850135e+00 dx=-3.2277814316e-01 f=3.5448494581e+01
iter=54 f[0]=1.0515734078e+00 does not converged residual_tol=1.0000000000e-09
J = 
-2.3361339063e+02 -4.6498143037e+01 -4.6306004356e+01 
1.5483044448e+02 2.0767579908e+01 3.0138526613e+01 
-6.5175938908e+03 -1.2521380507e+03 -1.2695911462e+03 
J^-1 = 
2.4428264909e-01 -2.2602140796e-02 -9.4463077116e-03 
3.0222501394e-03 -1.1192874625e-01 -2.7672812907e-03 
-1.2570341094e+00 2.2642077945e-01 5.0435304172e-02 
------- iter 55 -------
x[0] new=6.3035179542e-02 old=6.5754785778e-02 dx=-2.7196062357e-03 f=1.7353612176e+00
x[1] new=1.9373550774e+00 old=1.9872020119e+00 dx=-4.9846934537e-02 f=-1.5952507767e+00
x[2] new=-2.0499130573e+00 old=-2.1511631567e+00 dx=1.0125009939e-01 f=4.8405697310e+01
iter=55 f[0]=1.7353612176e+00 does not converged residual_tol=1.0000000000e-09
J = 
-8.2006649030e+00 -3.2316364304e+00 -2.3965680403e+00 
1.4018839099e+01 -6.2602918994e+00 2.7090272394e+00 
-5.8087764679e+02 -1.1262398035e+02 -1.1314417541e+02 
J^-1 = 
2.4433435043e-01 -2.3080410514e-02 -5.7279957524e-03 
3.0225735702e-03 -1.1193173818e-01 -2.7440204481e-03 
-1.2574114068e+00 2.2991101693e-01 2.3300423455e-02 
------- iter 56 -------
x[0] new=-1.1780498429e-01 old=6.3035179542e-02 dx=-1.8084016383e-01 f=1.6760982143e+00
x[1] new=1.9362237859e+00 old=1.9373550774e+00 dx=-1.1312914616e-03 f=-1.0470308612e+00
x[2] new=-7.3020768345e-01 old=-2.0499130573e+00 dx=1.3197053739e+00 f=4.4143556950e+01
iter=56 f[0]=1.6760982143e+00 does not converged residual_tol=1.0000000000e-09
J = 
-6.9962660158e+00 -2.9985831917e+00 -2.1619041812e+00 
1.6182861051e+01 -5.8415499613e+00 3.1306630843e+00 
-4.8749203381e+02 -9.4553704977e+01 -9.4949017178e+01 
J^-1 = 
2.4430889475e-01 -2.3060944564e-02 -6.3230614358e-03 
2.9792250250e-03 -1.1189858956e-01 -3.7573594037e-03 
